18797427
36928782
43977705
40988865
39048881
47496394
48353874
49082576
42943788
46701915
37609079
45934687
48058697
32539517
48085680
90033286
108833945
11898335
15204188
26735254
23273110
37634248
14494907
41964616
22042612
9309966
54158673
55905663
33152266
40925673
18808756
12477278
49728905
30049797
37160440
65378216
24860642
6432724
10748751
26479904
35066994
53357637
14108703
73624532
94885229
106604573
118119796
135584142
58778831
38048300
47632359
64138709
96408599
8378626
15970450
31070662
47642377
52832506
42285824
6325563
31017930
42066759
35168913
69946762
77401049
92884712
23565598
15985864
62310456
70728977
76101744
27504346
14980258
30323950
42629404
54516579
64425107
68426724
81599829
85574890
92438969
95913845
12958577
25971618
29030215
67896385
72675854
6651478
43288994
77660195
87179016
111452430
21148014
15326085
80187528
86464435
91162497
120796177
29521758
32045056
75812674
80061221
87192926
54348566
69523811
73756365
94685724
98993483
15766583
10782623
32140890
51226591
65334609
68690808
43582050
48680015
74326694
79622202
99023057
119107584
128430777
148610319
13855022
13036299
63751307
66686370
70777095
71768541
17305900
66992353
74980806
102716346
36664350
51046797
29776479
61877525
79489968
90864242
7528082
27102634
32538029
20376087
35022484
19792037
35827226
16511325
15931052
55955786
103552854
151939703
59566911
66474265
30598358
31374086
59086309
67755417
73748288
19073396
46794947
6708123
9015636
18011349
5858368
17129611
50781423
65216430
44873039
45894506
46576160
52107981
56471649
11867354
13427091
32961086
19988781
107317930
124048851
127705094
129895865
132129655
11365531
11826647
21601877
30193268
22487665
24222422
19759442
40295353
41491567
30147545
37791594
66522595
11385824
23409957
55092502
2242342
41788117
43592950
16290687
27230472
11093811
44943252
46049810
16963676
62574634
88181507
92381685
7025629
26317070
22846465
24629136
40693248
70739692
72565911
10803808
27872008
38364580
50439574
61573378
21078253
49338347
24590769
26584071
35042678
52668080
71884956
12957099
62530545
27309473
54659435
79604328
82440240
36443905
52159541
68135953
73224877
77497309
20694674
43736583
52927975
57285979
29096839
38845044
42463841
52122866
66791350
36853107
13275435
34927141
72490080
93861594
16258455
45151146
65571405
79190894
82371367
41597538
65655877
83092833
43691822
75590626
102111833
102326872
8336584
62433552
11661636
27124292
13183810
7804593
29917326
56072578
6019593
36743428
15200453
37444024
46315618
54036263
83780774
85588704
84249640
89737260
129326607
134558195
148328594
17990536
27370630
7229094
21691536
50866705
15409427
43621387
47911394
37473147
35981166
56894339
15451544
37087468
14890080
61642197
64578479
60757867
6102315
12122673
37944980
42992774
51230456
13476016
15874973
27822781
45105899
52315236
81458403
7396504
48773872
76350767
6870541
15219491
37282251
26349098
42576532
44047669
19186411
22478801
43802432
36836902
57246941
70322847
95125537
20773418
37345949
27348245
29550980
40202034
41757518
54977417
19446278
43530949
52423575
63860081
100019459
103590660
90450465
95999432
98983192
126272878
130707031
73153009
109365790
111305458
132946386
157445555
64991567
109669328
145400307
4665982
6442380
20663161
22012947
40505707
52469137
42188986
61564716
20805635
35487726
46259285
73124224
95969054
40043063
88331390
112702977
116031921
40335673
40615811
7385761
16894957
14036357
20537257
44127700
10658903
8096403
35443835
37917362
53197746
17714425
10602402
53854729
61258265
7045871
31751233
57653925
83154086
104975384
136747985
139040533
106198607
116884286
121762425
137241976
139975896
20549972
51816152
60763789
79190296
100826122
103635297
57906308
64938143
108083374
114608264
123411149
6073876
34862477
91755707
96080314
112479725
26753166
43835864
81623913
93693969
19181009
21808495
20140047
15331050
25359417
36841590
18665175
26897174
56361770
39008638
51683678
67346279
38265717
71143366
91989375
95753805
97119160
108343112
11887090
19328498
25106761
40031032
46151661
58104593
16881959
37029371
56840050
86565462
97327461
100550230
112286280
82218118
99233381
121752530
125994906
61867527
92901970
109051992
6322137
28001939
104708129
105417193
109224176
147025538
151553040
10940025
50576628
37063264
66486830
75411769
110450456
120712220
25925299
4486550
66126480
85461170
98761767
102829105
107632849
42325313
28776485
59787691
72851148
16869756
14070741
14109526
6251025
9985585
52985783
58985142
68969158
17412096
30790644
52799637
15083243
44599381
62976339
4547395
6227097
35723441
77710191
98035211
8816834
20202794
40596396
31585211
21759843
27361974
52865627
93539115
102863825
114508869
115122231
120162373
85303552
103259783
129017958
156237030
164586120
15422172
11170828
12691266
45073739
47529296
56383833
85233435
113642361
118832501
145831492
151081996
155128204
37383836
42974290
33379850
31270126
43379064
67890779
69475196
75301752
113198274
160586710
161160257
161777812
175698532
138568195
172759178
185912177
187225239
187397520
5109222
48501344
50351233
79629857
87382820
93979275
73675323
82200018
15727552
26443817
27818417
27288667
28272200
31271081
56935389
64669219
9735358
94409516
110379279
131470009
3539437
27672050
89403217
95644738
107215686
107415447
19834963
33170706
40295940
8411068
32770555
86988286
12310895
16932759
16098309
48066658
79772531
87171390
5167736
58694652
77104568
84552737
9903657
7460256
27593035
51390832
59072156
59236382
74216738
74683690
109129690
113214896
8533057
21146648
21684776
16529947
13856559
7282852
20173123
35767022
18227832
39092629
25290929
70171921
26557860
31956702
33322331
44486458
55551480
37266844
53760573
21250857
71030643
110716563
118235481
123230616
127095318
50241152
53228819
76020612
91218327
95736733
87727756
105452033
113279340
124172452
151657311
146338957
175900380
203348289
208860532
226361627
158156292
160354549
165771131
166805898
18962850
17440653
9109302
22690019
26085977
75955934
11901363
11422939
93332701
101431146
101623139
103501435
28988469
38269016
68220290
71846849
72561475
94232166
26562337
79399413
89686588
91503327
92780168
60373281
11649193
26960066
45490836
3953863
23875302
51904839
32583077
47768721
8143070
22260408
20844818
86812265
7251216
30037918
37956617
9791493
61895844
85642179
98165289
107247772
16491770
37278364
91864966
103798841
104343125
66752
37129081
25948078
46691344
72907157
79704757
54275247
21375191
38033733
54136844
26128851
13445144
18090318
63438056
20411607
35604583
89160814
100349889
118543864
153659204
76235
14913732
27786469
59742904
68654034
81713219
21433005
43449101
63385527
12246296
34058715
8831665
18486952
29324612
43167950
67783378
51330205
53691425
74466296
96253539
112957202
30941117
32676130
86141664
8770926
30850766
52770444
21165891
39412622
4737114
6487549
31311686
30665066
34668940
42977708
45403836
42517729
63360220
71232880
78527722
95584512
112421977
44444761
16424326
19204427
82775905
85005651
103032911
21588545
23810466
37496698
42413627
13659514
38238667
31355052
8243314
30794958
75820789
16192342
32130629
51941644
6990175
30854357
42449676
43994052
97619347
104367788
106394805
20956615
54982284
64095904
22244323
13486634
59520155
59868419
41314179
55804857
6277868
44917143
6392939
25090029
49956185
19892573
43831696
13241589
4563001
11385203
71639413
100877047
111353139
131083481
39055818
15966821
72170661
29639253
40601479
47195959
4769492
40511165
69269934
9674531
56210412
66200513
70450852
20735969
70020957
107590450
111189284
117053396
125071405
11026212
80149634
81533628
7962816
10353884
20591411
20044770
22571094
58205439
75784771
95030534
59789588
65549051
41581403
13365603
31873894
47851409
50989252
59850959
32594954
61837941
69367208
95256376
100094397
72508171
92051975
106369342
29606506
44338539
56789481
16440569
26057517
32986162
98135469
109235701
20627899
66938029
98833609
18957156
55196282
84573
6519954
66798399
20675907
37334978
55241430
16260920
7478535
32986755
10272419
17365372
18603133
12176696
20602237
84012562
97952891
114595818
137320064
186266334
187442796
192626991
19636179
44577213
38598631
84375748
102174434
110797991
16372817
24483898
29140549
44251120
58282419
78827679
35338054
29834605
4165307
30659903
42040349
88112274
94631270
105872256
39448782
55224493
15918198
18670605
32215516
33256226
40100455
22188085
8068340
42550262
61854632
65781989
96947810
106996868
13546557
85013046
90316186
105585157
19384451
6188619
23121726
14700098
55115797
87851806
98532799
33350565
48226765
53323252
11442124
20779785
39626123
15012481
56109151
33543740
36891889
39581126
46431039
46798556
54326192
84981110
99345439
51953506
73900419
34928497
20969289
34271531
22554775
28585174
38252423
26921222
38311243
29076344
24464728
51709907
57522768
34948757
48346668
21372105
28132184
9625108
38046366
19861592
26421647
47772806
72449467
83386667
114516433
27120296
55837945
67380494
85945976
87186006
39075682
18958560
27455983
43044990
82089412
32050315
14923788
16659959
31112278
36174989
14556698
23234767
24103589
54167524
70657841
75616924
33091830
44300564
16191831
67114875
73760824
85744918
104922256
108082336
54633550
104660172
126528891
127129964
9686118
42969767
93686197
112843982
113842303
120528189
129044026
22639951
104719769
17049455
23035495
31470356
6560959
21874904
32051134
94235536
107672786
12189054
46302081
13597729
31408992
61653893
90589494
101672064
108718322
71590034
84570066
94189153
106611183
126752930
7248674
14419031
42093150
53232211
13018553
56670260
22264178
49676584
24705512
68076918
13441402
31014177
54347604
76337980
79136564
91458102
34377301
103911146
109186128
29188609
30137670
41190744
50625994
15769842
39613736
48482290
51845312
8168111
18885135
56201368
65515203
77434417
98903535
19172291
124207926
126556528
130414969
138340955
148989313
35279054
38150309
48325940
53691104
17596020
50832744
41972967
75133997
87724374
114907291
126163936
133593387
29371209
10616324
20656947
48412818
3775286
16975998
65467743
33533223
54377962
10094162
9408403
35954149
46313425
30930130
44910197
13198004
35365157
38509228
10732446
37678105
59065669
117426076
128298814
5075250
23262359
20121478
103688870
5281661
12078174
65829976
67862771
16333247
77387017
5966919
37808021
47075938
72518867
60697068
80214613
132598296
139058487
319548
34694785
15664897
4753028
21837707
62428737
70885412
79541440
77835020
88214672
48254517
55017122
110307563
117175343
28207025
95053387
126092200
128476873
138163956
17530102
4030078
54389899
63286795
17825731
189297
28206951
40597756
108979917
109553186
115204699
121555774
28221164
32709749
38374778
46166248
57977445
61061651
128790041
149930879
151604535
160544190
170473010
37017821
122866060
128738194
140343198
85565
52488511
19453315
12519092
20373985
24952756
35039691
7287248
23535558
24878953
51478983
63915971
90829279
23117212
92118158
99119142
105344774
110385259
33125326
60602740
21495445
25178907
53425797
74684808
47280989
55433921
105209733
105792976
110886647
38363013
30645228
21834069
47781818
38448733
39505276
20286029
45189486
11351390
46104718
66552715
78258614
87991129
17353801
18980305
16395058
86144067
12470516
14641403
27386773
35711744
9956923
10980946
12343647
50584889
50018062
14340408
14834536
29004312
11094411
47302289
79606224
83860996
839586
39926428
22325998
56350117
59448140
43834448
53003672
63153273
32348035
56247216
66873795
68888983
78978262
103380853
107549544
114576199
115100423
46489690
15923293
52914542
59170119
690941
54123459
49098424
52419704
80228878
11514935
49767835
11431806
44797304
68909916
71553768
103095505
8723733
73795034
85126673
111125560
116902616
13676473
17257692
49121771
56817855
22573281
40594635
25467816
39890052
6747238
16779862
60046607
10177528
42448439
35848414
50344722
16958411
61343335
36582721
36582721
33570677
69310181
82411160
20392655
64773908
76390045
87789484
104979250
119384626
50517967
54302315
64484082
73172342
98028729
48717339
75608838
79571401
100474615
110569875
97798356
2268059
6197572
15175091
48168259
14201036
70455075
72517054
79051878
104474272
112851302
