20784604
22638451
21321242
22073098
28250963
26692801
20008968
22446327
21590054
25605744
17430375
19850656
24543628
20581908
23050461
22160159
21310433
22565999
22007702
14802933
21984366
23355707
21997490
20457928
26256567
20818432
23429642
21247700
23060635
23206184
24823249
15308537
20782423
24588390
21352229
24820758
21147725
15170390
21347301
26613202
21000737
23100191
14665970
25666290
16169218
21744191
26465987
20848864
23157437
29475557
19629245
20764263
15496732
19511568
15954536
17334825
26497010
17319598
25205272
21611937
30285568
28737647
20804078
30776842
23248843
13879655
41516988
19824956
20907988
19593205
18467130
22166675
30463635
23612107
20445778
23784252
22193225
26605735
25254637
28875439
33351659
20125003
27068868
22980318
37371757
24119959
30503187
54717299
27619649
21267705
28770744
25405584
26956968
29497690
25317427
24978195
19412138
20533160
23766084
21462327
26989088
26664415
12724017
46053779
25342503
24872239
24913147
23453503
35972047
23772217
23816256
25722614
15425405
20336071
21578415
15844312
22845768
26397517
22186051
24748543
37587253
20511236
15147977
20898717
21428358
22031414
20592919
14804745
27837512
14650335
26093300
20670130
20981638
21247133
19500467
29834596
15845395
21448414
19794669
26286949
22521135
24709434
14269964
24878849
27338924
19996496
29278152
26103087
29787262
19094977
20573863
12675930
27191800
29296020
25710412
27009982
21227999
15618196
28095764
22606510
17559312
15228687
26474733
21159452
20505100
20087791
17335388
19820280
22195101
22316329
21111875
26889599
18914383
15697135
20865650
27032217
27700911
27186405
21967805
12577228
15277499
26784112
19564873
40781078
20925786
14394135
15265609
17415113
26151147
13537982
30221925
20717403
30808395
14309881
21438484
18701428
12395820
21258114
20396476
12630410
28867297
19698165
14352632
40937651
22224621
20362047
18871757
20708573
22136415
15377253
15779208
22944771
19492513
19146719
22364444
17056946
37337054
26987867
18808653
15609214
27864394
26966898
20777311
21162716
20039118
24428067
20914396
20784165
23881531
24691734
28775447
21163572
21215489
15577558
26477627
13644679
22791445
17222898
23000630
21994551
20493168
12610381
26087954
21031427
20665970
24349916
26396345
23416673
24213240
15622120
22302120
20968046
13366639
20480465
24886688
15668551
20609507
21071669
21143214
27707530
22465366
26215435
23925203
19219231
23765176
28598505
21314905
20861430
12765595
24915361
17489206
23348263
22544399
23271162
22128987
22911515
22478182
21313045
23116283
22395132
19453014
25133115
29053171
23928319
19220440
15837711
22086165
22304112
22287886
22830021
25426780
14621689
27190597
15115614
30402519
20977028
19903817
29345308
26921291
15075562
22128660
35642069
25873699
21150192
24477700
20217968
20677442
26990942
20896793
28452358
17569674
25094837
20577931
29360642
15962891
19647447
14175333
22267913
14947198
20703996
25035866
23622850
28320396
41809513
29560942
24835622
21342348
25603958
24594096
17464027
20832086
21108490
28614322
24119695
22060840
21487862
15730363
24819254
14912700
26927274
24034521
14907923
26301746
53358200
14913286
16427479
14372539
17254804
31809004
19649750
16386100
15147615
26979583
25012452
18890201
24726524
25254206
21362089
15338173
20311315
24603853
22841602
27839330
20460287
19618195
24695998
20715786
21379883
22857081
24690959
35656234
14627468
19536073
15304465
18740378
34275431
22726450
21214084
20735326
22133577
23010557
21208130
20034115
23244910
20728196
21319495
17206577
22020806
20458926
24630597
28254155
12915041
20446996
25127860
41979136
29137243
19342749
20940621
31029459
22066325
28907603
26501287
21582926
14556963
20217015
19726279
27052002
19532888
20294590
15678297
13097186
23152226
17404210
29473887
21130896
28559657
22777378
16942438
14980610
14649158
20690820
14751023
26295548
20361243
22396909
15117181
14336101
22911214
26346313
26578710
25014870
35955895
32202011
27981429
21216311
28145986
20978957
37797423
17624243
21397920
14803888
27852201
21262897
21638310
31974821
19760725
15789088
26742010
21265499
16903818
40751624
14530424
20616125
25015503
22845743
21185083
17104762
25985540
20288240
35513811
24291780
21745488
31495537
15152524
21390679
21245387
16526634
21307882
27332521
20801705
15288267
26261513
19662514
24823591
23957257
12556978
20091799
19634733
35517733
20856104
15990322
14947155
17110133
29059510
19285370
20079216
31158147
14693253
23789008
21205952
27605754
15485942
19633766
13898171
21769658
19567489
21212084
20158114
24181736
20879189
21286190
20744596
23697940
19821372
17256277
23446725
16213393
19571257
27830960
25677441
14544944
19563461
19603538
21722602
23122427
25179659
20246452
26725400
23971833
16074232
13804948
20802142
26255229
19464130
27237712
15463520
29513895
20722581
23628699
22158812
22104190
15960125
21711630
20303601
23025659
19684319
24514261
24140704
23753567
13937860
23504075
22108705
27498252
20757152
25474831
25898629
23715204
26009804
15590029
21653532
14764175
22043007
15388455
14918935
30197254
16350687
26657185
15438111
14488082
26689799
19470770
23674011
22781254
25725786
14635868
19631093
25371749
22633657
27858289
25063628
27007112
19766922
17223706
20513854
20681977
33760669
16023325
19019133
23236627
40826271
26153305
15361216
26566062
24362314
14411528
21567628
20301751
22980150
24724262
27883727
19957673
21329597
28676118
26254949
20769248
24416706
22573134
26299159
31274876
20982225
14957677
27016460
15019358
15139714
19467660
19203926
21376858
21302231
25399720
14342381
14565659
29568478
24859242
16249674
21977214
26460493
22856185
36170518
21202273
22970648
22134603
22002848
28688314
27983991
24658105
27641899
15785674
21327381
19816620
37766626
19597469
29482477
22816301
16537212
19775430
24678037
23982207
26157658
26396973
40853268
18874648
25576429
14694495
22776752
16932056
30997943
18738896
22297733
14954470
21152162
24785749
29518025
14178768
26056702
26566577
25729232
29379847
20269980
16430642
19539505
14718600
22179325
35837717
25397573
25659711
14550579
26308657
20749968
18836241
16810529
21896990
25090815
20615338
20392080
21316453
12677509
25785407
30521438
12868976
22005698
22340025
28574325
20681284
22145875
17198127
24081287
26330344
20400822
14718623
23102393
25827760
27875033
21569762
17101866
14733661
18875475
36177043
28458312
14176777
32637597
15507219
27954345
23831734
27943607
21225068
20627119
19769190
16307109
22876609
26338914
23984426
19738425
28851003
14795066
16455105
17379354
16378655
12879350
21399496
15155648
28228921
37821897
19765162
22045819
25516435
20828241
21131426
21028771
21316114
27025993
18955072
14613141
20840343
24434773
19059621
17424544
23327190
25212226
13704131
27898151
20374213
25601115
36407994
20959077
20425807
27778899
30546275
17332189
14425694
15275013
17210048
29077494
15469498
21616511
29066647
27298657
17554776
23997547
19771537
26915721
26209398
15675989
25006803
35829163
20242375
24796401
25057111
37734562
15853631
13982793
22158830
37619348
28827281
17104523
14480007
26458514
26127153
21949203
20443077
18880626
22208946
27982604
16026814
14544094
33015830
20880848
24868421
19671331
25002749
26312764
26177681
23217899
16352643
15390483
14836412
19721761
34131608
22442139
21278603
20663656
32430763
22271343
21177997
28023105
23497275
19194971
24017778
24018567
32260356
22359240
24198097
15391637
35967157
22372518
15527943
27870532
21498362
14548195
21260347
23123989
26147333
21370068
19592448
24436860
25452340
23679179
26197541
14660780
14162076
21307027
23182551
29311270
29095594
29241074
22307023
19623593
25767154
17721024
27178875
24747804
22084857
17280456
22950740
24598648
21310873
15674606
26010731
29936653
23982670
29449843
16217369
23932319
25139691
20455249
14642057
20746794
41984928
21160598
21423455
21284036
40813213
21441629
25302455
19976668
19524290
26302695
26321174
27055213
25643855
27115335
23720237
21088730
23947372
27035906
22974872
27932992
15934513
24634039
24140038
26147531
23892511
17180652
29842778
26181018
21494382
18697206
21416883
21460027
23850818
25132365
15774699
21040982
21654384
25409284
21523862
24689056
14750241
23406219
27716091
26060062
32465712
23679681
17254642
21854473
27967761
20916998
34325327
24722552
19795466
20092473
15282589
19833790
20015304
24982282
35588581
19694397
18579020
22385410
20069374
26486784
17193972
24756082
18445666
20763817
22012500
24597174
28041916
14642906
20550645
23453411
19021267
15595444
30205947
23674488
20640746
20523032
24154991
27068152
27872012
24758397
21177085
29364820
15857855
22274383
19232758
23690584
27046361
26084994
26615673
17242356
22340079
15757841
19065799
20201281
15405937
24878300
23468209
17233633
20838432
34264497
22168641
32103755
26320235
31064417
19317090
20450281
24952223
13475162
20571335
24153511
25345311
19744412
19595824
17370821
27545465
15008627
16449257
12379452
22173359
22960855
21427638
26170323
31534691
14830795
26277990
15678688
20301073
22766484
14063840
23062086
17448410
18071732
19876574
15573535
20319628
19550038
17666036
26346225
26616157
22354111
28200142
28450749
30360132
24622246
20656438
19819946
17192219
21998069
19345878
12943692
20956860
17163460
27819015
24925090
19133970
27136543
20756273
15754096
20479777
36373427
20624583
21242609
19531364
23018292
21179965
25646112
29571027
18996799
19373010
13515090
16868944
16423358
20395930
16831756
19827752
31466170
24721912
15831883
20865868
25488173
12860179
22776343
25667488
14738602
15718705
19392098
20857038
23082220
21401873
24190194
17157336
28843563
17540548
24672941
26291970
17263319
19716596
25751366
23115802
22328595
21202054
27883028
20059655
26344928
14296973
26777623
22998893
20773561
26741655
21959714
22149394
13577456
26084838
15503750
30960322
26238604
31786446
27871969
22056645
28684640
26137231
22325455
24836780
14631960
16007474
20640116
28210478
14803916
28701997
20527774
21299983
21119799
25278263
23062689
36506978
20425490
19647656
22786515
22441213
22915147
19881137
25901352
20720190
17565385
26874401
20780146
27530211
25631461
51825165
21213295
22483409
21121251
20428787
35573828
21152147
22317830
22727620
27532471
20625252
18682042
21047195
18912494
26402826
24854385
24018592
21620486
22999006
26460473
17171900
14273765
27002363
24703162
21493038
21620121
26285652
18889667
17301148
15411013
26199724
26437592
24634834
26152858
27772738
23983198
28439146
15471277
20967374
27916462
29317926
24591437
28165681
26283525
14003050
25132731
21673659
25433873
20402997
27894142
20894068
17263804
24385137
21933982
16044797
18914079
16928876
27137291
27125336
21329807
22577103
23089209
29782940
25744656
27068588
20576298
21335057
25942678
21081765
23016426
21649583
12862230
14802690
26288291
27483521
22981252
17467303
14711914
20091333
23091409
18655572
17027498
16498105
16371251
28757672
24038605
21829902
21190316
24490687
22218633
24605993
23886901
26550950
20587156
26014495
20012543
20247765
18917356
21135604
23919234
25947046
19136056
25396757
22052180
21310643
14771715
21328307
22005891
28687608
20324744
20136726
22346071
26392640
22033317
28898490
28862463
22895901
28690515
27919174
27964046
20754434
19618235
22965863
24440202
18828275
24505711
20777890
20477674
20773360
25624645
22254647
16546375
22337396
14983504
17212689
25867465
22948863
18765342
27076049
20890240
15894857
15727782
20802454
23008840
30579265
26805155
16304632
23037879
26613793
29176569
15873803
26029845
21092976
19065792
20033378
29547201
29002656
27681561
20660179
13814017
21733450
25980360
20773998
14649108
22145100
20216966
26462846
34446152
23290070
26736522
15902523
18738771
13069729
23924429
19637937
15693470
30080070
28853221
13978929
25044422
25617650
12374505
22370634
23916300
16406830
24009915
21937537
19535745
18771649
34369602
23836336
14759949
22688204
19588441
17447803
20643313
13570370
17430085
20677904
22122343
22398933
18821181
23878266
14984630
19874209
22348192
25223198
22090406
23120254
29172145
26092598
18734468
24914367
