20024499
19202326
25593690
23616775
21376767
40331509
41628357
46715766
19672235
21728841
21971797
34253576
44587043
14947288
33855346
36361465
44952298
41375067
44848972
6849429
20311895
6796585
30305736
34902603
21247108
26719672
15976035
34098089
38805563
39242037
42277472
5819913
6088149
25996079
38032202
48471329
22510467
26665037
24632234
10820515
15105292
28783186
35569629
30028670
31086028
5888447
35557631
38468454
22290596
30640378
37265836
2444064
22984585
35249111
15326235
16948261
10269544
14152589
31535414
21443659
18827059
6439745
11321539
5379879
14798399
34243198
18688601
3895998
22839867
30848942
14314012
20716626
25728521
15169353
31161493
22394886
29962801
26119034
20006564
15587442
19293787
19494016
20279415
28195811
46307281
56091508
74017725
76340970
27410235
33616260
49832165
53651388
26563781
35588981
47390280
1591759
4101655
23650232
23287781
4105738
22541576
9960996
29025406
38424910
17426124
31098694
15481892
21247292
20665000
21049613
5879569
18817824
27658414
35024323
20998973
6694634
23888643
18393992
6037512
27323384
37181953
20142617
14926910
6348113
15823966
16134078
6986732
16926181
26030483
5375574
17064069
27486854
20427322
20928399
18846135
29686808
38757785
58211947
62074249
21130145
21747577
23270201
28090075
14200011
29608514
8415770
29889460
21146406
29866792
28512384
36175275
37980803
40791819
48548889
12138958
20797547
16874884
33788140
14838169
8935141
22833791
28423673
25895754
37845593
44053918
44546809
20492777
21520116
35934548
15931651
25779926
38655201
42677258
15018762
43081103
24557295
27455658
41460864
47941003
12080591
3930036
38623484
45902298
36247149
41943619
13675787
8050481
20411202
33500863
36245220
18632935
30485777
8591778
14091287
6640926
14124604
16612727
20936977
11988196
14928236
26581716
28057386
30949450
78352165
79510720
84057742
84921084
85388478
47505412
52451698
54088415
57641167
62375355
43169349
43677286
5533031
9124459
29166795
8403045
28862339
30759973
57449987
57914757
20737518
19399750
47417062
50911407
55432064
24377584
4933476
9755582
22241308
26856470
31564953
41502143
42965076
45507304
54381608
36946650
40164210
5534472
22572744
35838083
23580682
30672364
14580788
16363342
30244750
22080178
27302033
22293112
20742702
22030961
8372516
25042725
28681217
38480711
38953447
33962048
25135321
37905062
58684906
60477410
14873040
26730300
24372782
28767914
12591750
17128807
24172070
10726107
16397655
33624344
11675740
21584397
22371360
22022969
37164606
44376791
46920792
52172054
61143639
7479268
45540571
67323686
69798139
73095311
24348516
17323687
29494393
15274220
7930761
14755245
22691044
23972122
20555858
6846537
14005963
14898538
22419946
34176164
35605787
25842625
3609303
15640953
34445591
4976912
9875516
19548412
28466591
16764026
26941520
29258832
25516564
37091190
20093939
19993830
5332161
19227091
30383920
19983461
33136182
32282796
27648698
28223952
33927601
38316521
9240006
28082227
16895588
21720961
29420840
15577486
32873021
40585900
14977943
9684287
26991407
32661318
44113562
9772938
17722662
42053707
47998306
15641897
22586691
14827596
24080831
14549665
24107766
16032146
5228682
39440127
46023286
27178792
36594160
10204087
25532327
32784375
19349095
24039774
21830054
9870385
15704366
37220247
19719395
18264963
21144857
23099294
54348027
67569127
4734319
11374035
23265342
38630667
50092810
22448213
21902810
25415807
15991086
4493433
6594537
30337744
36863057
20235179
20576229
16475336
21700503
20203142
13815150
22408307
21337246
40712073
14833413
32099359
4691388
6424584
7037014
40171862
43465883
15890171
9586157
11355328
12875097
27976581
19320948
29583613
33451525
39538533
3128349
13989777
43752246
49117968
59267987
60050865
71130593
18057194
26882059
35135488
56863727
62955397
14306218
4324502
11546827
13823739
15653779
22205935
22547712
47261658
48654829
56456079
91465301
93356796
41229800
44527204
57835509
20942292
7386503
14011201
11551079
32129753
7169084
24515628
12731602
26569281
6530882
7207932
28347610
20742403
15809993
21900869
11847025
24465150
33357571
6928321
22876003
4195524
26272065
24917469
10897560
16055863
11029103
7374717
17626702
24429951
34605901
16231517
20500489
19862105
34272169
36345768
26046832
19356530
24453820
16268355
19373261
26464967
33551912
35589861
12058048
7337572
8816484
16990069
35354648
18548447
23322305
52400042
60345293
62735366
66066030
27373224
31227798
7444520
25634244
10061331
21887961
20352112
20253957
15185492
31642250
38952237
15483886
29962104
19234079
16633903
26240938
9764958
14349756
33690698
25002892
20166595
31313616
20791070
22452722
19203990
19241817
22149211
23120107
15978839
26241045
20261488
25822244
19139781
19351793
24408723
35667501
41454482
40751597
42246130
21037381
28304841
14860827
20234604
34326471
38459050
43491424
10438399
21823478
53887720
4463989
26279227
14264877
43162801
53093523
3041372
26149617
23508525
15536423
28419336
7230417
17342146
21665747
22327202
26998879
27720182
32058397
26169750
11556501
18951362
35033612
39354395
19656126
40368342
46045478
13864766
7555414
35740092
42930307
20182253
20680246
37726736
19187034
15163493
26789567
35445758
5106759
14093261
14385770
27874440
7188142
10185587
53933812
4857880
6008001
18185241
20570748
9639363
5312380
14664350
31176808
6212030
16320916
40013648
45383185
27912997
14545200
21971278
27353898
20385163
30888785
18824343
26753920
34797436
36263126
10434567
22526313
24173388
12611788
15919036
20362739
30767543
52424485
54816020
76678636
78109227
82083346
41611616
79790618
85016013
89465963
97379425
21591487
17519974
33395692
43627747
46808851
52580010
61852050
68120284
95306261
99665555
106598525
16329847
6919258
46202685
61750109
62460089
25928069
39366513
48945102
53114374
61662294
73626466
24056006
6125526
18997499
8302797
37482030
40884953
49510402
11989075
30003946
7410186
49132445
49727922
63596845
67877666
17347019
34892462
37835489
41964557
27498101
65361932
66616365
15234846
5396899
30852875
35369536
40336973
38850106
40734956
17984189
38844246
40138062
8745289
15469279
36142276
47546531
14056638
28845970
12131053
6370561
11073995
25293147
16592224
6801558
33173094
37786209
40287543
22688443
44981542
49265754
51770716
54505995
8330517
28432720
24396896
28532591
38703294
7623803
22172281
38463224
39871426
50062058
20539476
20565817
30355247
36297024
47575373
58929057
60771307
21716061
24040232
42673526
6576765
26316344
16052891
18011375
19627024
9802254
20905874
17739864
26283744
26845559
32384805
34893706
29452029
49530601
54323857
59789042
63332505
13323109
44936268
46202101
48507394
22425241
14539523
20718854
7394331
10899174
26887110
24677912
7907549
31868493
55920710
58667869
71532919
16705601
22183016
27738352
26695913
12559333
19934718
30169835
41767717
6931479
16912216
23405915
39665472
50608453
25915217
6128713
24064949
36622100
53231593
55443770
19342045
25823073
41565017
55063323
59280944
36875077
28019005
35650685
16062810
28569530
20139725
30704317
18452665
23825916
34059404
39483620
50294812
14394476
32051981
20270510
26486098
37975957
12628922
25821057
21056545
25793889
15040095
14272136
29487727
49077181
51224963
21951326
29989207
33255652
42028723
44466420
15784461
19889413
6888949
29440466
24067019
12326204
14970694
35625006
37025495
41687894
35362725
7663269
27133955
5730442
11976176
18958655
20756199
22017508
28775404
41750241
43270248
19001463
33914196
40909889
48152655
62757507
69245713
69570199
38173022
81852895
85028442
85443856
90559603
5794650
34788643
43823104
58746845
60528491
8460809
24824854
46765146
55709345
59824002
15346121
17506643
23853998
37951828
42136335
10329624
13869423
21298928
8407461
24246917
20692525
16532574
34116388
14180984
26682737
37260351
45489318
29212577
8379745
11815675
24927756
36292895
17943459
21425351
51026429
51360682
58189009
25632106
22783556
36561108
40653534
14504435
27397773
27079071
4930637
22534213
34672070
51328544
6958937
31628344
38704643
43789351
51424272
59299251
92985834
101442500
105673879
110150547
69759488
73090795
82157265
88092922
103428157
19752123
30315090
32444215
38103406
41801425
93531835
104546321
110558819
111143039
115272423
54224993
57481922
61024656
61778381
19385682
14889217
28925812
51807133
54362852
59087509
78989001
93249999
99034402
109475182
10389059
27862472
14661359
34166997
20648478
37589667
49806191
22706479
12502262
21470610
50685900
62940761
79074246
82026959
85093989
87879138
89169647
109018833
111058650
111807053
59095863
65230282
73051061
89724015
92708392
53340048
61375864
93650047
101615302
123689907
175976646
187998780
41366
24181785
40184100
84966065
85260929
99899812
115893962
30134203
52048434
65663139
80154393
27964988
58600312
67959806
52706
47974272
15414713
37313181
48876
21876415
22132643
12096687
52312
59380156
50255
41313
9085295
35174925
46719157
20085577
27773127
35809473
20780593
30746972
12311599
7093921
29894601
30388645
38870819
15070722
14926162
20275380
21565512
50987293
55507289
19570356
26242265
41606108
5562937
30401497
34893266
19090865
16411560
21677701
19001061
12069725
21064661
16590564
24555483
16062160
21642602
8249561
22493381
19903976
18335291
31911531
31974207
47936968
7178488
26116839
20755939
29044585
22892771
23519470
7564987
28706741
34108654
31023422
35058727
44896881
50352181
60805215
62911482
68411749
20201104
18102864
12338318
23517243
29400207
37480741
15053612
25359422
43742706
53077713
55010893
23518955
16583366
8583372
22625196
16169555
30990775
33836136
7674530
15310163
32599883
42757356
46824285
14638552
26100084
21782086
23063278
36988861
27720012
32722299
16649503
13613164
24433827
14415891
4746790
15909497
30465257
30534092
31644142
19175132
28096968
26763070
38054416
5326111
3584748
47649361
52271757
52884758
20174082
7589332
44173591
67539414
72110035
74498090
24377036
7894709
29539844
15992736
20441569
24205276
21812135
16736927
28058857
31721962
21681506
21946340
35133733
48321294
50511850
56468895
28171342
20882252
6224268
13909040
13622313
43563276
57880613
21491104
9558401
16109171
26844202
32445142
39781951
18395382
9414853
44422216
48154949
57404614
61348028
25965601
7220172
9567535
16044982
26998390
33817595
20978804
7557787
20499084
28675794
34029724
46508439
25597649
24198319
42330910
49011102
57490063
58322695
59775351
8893371
19819290
41161224
50361530
51615606
16540868
5875985
27560301
33768770
46221382
48748683
8815843
6601154
30162480
36259512
23183860
22483483
22196861
12445261
31350724
33798118
42292574
17617915
30203992
27223670
2858492
24813324
25700073
17291722
25599104
45531633
8069388
24317612
12158393
13166299
30307747
25199964
27859432
32558413
14230739
13928450
5565378
23275660
6104224
16059582
15990370
28111069
7524267
16510309
21937792
37256158
21559572
52540736
55466484
63287299
65714879
73419527
5637750
33816300
40133700
48327419
51215154
25702555
14666317
31849401
35950413
37445908
39199221
20888563
21484050
50589609
57095948
15608187
29331194
15903733
13591322
20134230
26290269
42053187
15355138
48667206
53768087
54102399
68188779
69891219
14993824
5811057
26417630
31762641
16831409
4196712
18148883
27062467
39673612
46187256
28707606
28124928
29430554
38091037
22796037
5507919
4921234
4366466
11661600
24586321
14380450
39772186
57884113
63440224
63796548
8886675
51739489
54361206
65628449
65861744
18458080
11669440
46208311
53204900
54143081
56234319
13257389
6539060
37555525
41151364
43350388
52087311
19745366
48948518
56252329
20364258
20744152
27691498
3926751
22218394
25832786
36787760
40775469
10538136
29099271
31414454
32082174
18444068
11903180
12892969
14945638
27954523
21575670
7297638
24440168
8862963
14222254
15058353
20587582
21919500
21422334
19895881
20290904
5098253
17577574
18858054
4587482
15575858
24892955
15717584
11787705
23810412
21445556
5549065
14353772
28890427
38377314
44353268
18268375
12108218
