22400391
41544836
52816530
58282512
17895830
38991240
22683423
45051197
49837414
54317629
59497875
34597619
100684257
112763205
113621129
11624936
56548091
70822661
88076755
114256452
122014561
126575516
64852950
141255153
143644781
8130963
11211886
7743034
50763571
72345268
19342619
34103716
7785553
24957932
70704347
73432979
113165633
27623616
19934321
28901083
29299048
4699623
14571376
46347783
25269422
27603155
7175356
32949915
91834121
99194420
78174228
97885275
124367791
135560057
138714063
60803310
1877631
56690547
10887952
11507311
45900832
7306046
20116892
50935780
12319451
46879337
22308112
40571052
41806106
19056492
18775634
75181047
78448414
82730344
96746443
107011192
110096166
128500770
138660258
8538870
12468359
6482552
28574661
39452040
71318951
27255560
32715985
50496596
97115358
36106010
141977774
13660306
15779014
34117049
59523874
99422
10631372
73311810
88645245
98072160
29993985
51063356
27235327
171188417
190142755
197556423
200560045
211701001
99503551
148837491
177295579
181434563
48044366
51482713
124791769
131122565
145090279
50506349
69946291
46210404
85674239
102236520
105557097
114423421
24000861
90698857
127330562
130616690
24920695
14857964
26113975
44180211
26981233
27195827
93604120
94671142
97027546
27586026
63321239
72763630
88184475
94813101
114566670
152024796
180120807
183687736
184220491
20661924
51318352
127738749
129332877
196043893
217464176
222332487
66206967
89661859
109452828
133433741
145002758
28608496
50319882
48660526
116859683
118504409
123650384
150501361
178320130
194864573
198837752
206060437
102168467
42055416
52680368
87713260
89931084
42905591
96221330
109186678
140031354
146976402
93835637
108784892
131008622
135499418
32200065
39338269
19870274
79537550
103120137
107277901
117272943
34712161
53387939
76100406
79542735
52457215
58552466
11222206
62481566
44585874
12835273
30198922
39713669
57636062
89424674
93554153
109139903
43121484
51602543
74856124
97273677
107449473
109699517
22012513
33748188
38227887
53555285
64769371
90037380
24603793
61500574
70808489
74651436
79470750
15211005
29212606
129329862
153400239
155911490
157345588
165161577
41082108
88680554
126076983
137920347
159465578
163398120
35528956
59746322
82536191
130801851
6035339
60412280
15849249
51051603
64789006
68694648
99266976
11253573
25197899
14657993
203978801
231951731
111440
31915560
89537503
112889
31644578
33282092
24635323
13735012
69624835
85121785
89378877
44600808
47870510
19729260
48863358
39513075
64923445
11399981
56045988
14772015
46228128
9434093
21181323
41456819
8100018
17945802
51663858
25615873
66705992
83920659
87300429
94278329
52175969
97631306
110746991
125381846
9406507
39815278
13609031
27082790
51618926
56721638
78703681
85419960
6065649
8669215
14334190
95702831
131065198
135778984
139117939
145123241
38474951
59952602
85603511
97318706
128752362
147743253
8272659
58612788
1903910
11635136
18029582
33356717
45814284
40148471
29499580
80405459
14009923
31102570
75365740
18248135
29028966
19433225
9235269
42811718
50954989
3317289
25900135
52616495
65325562
69551828
73885078
15156521
35876018
60846562
66767315
69296704
81736366
42323410
50879955
59434895
61952962
97000711
118955466
18841241
30358425
60855379
38311676
40623042
67277811
82277086
82158838
83823011
71053003
95394424
117117909
140978839
142563677
152443386
34304591
135300811
143063796
178618660
184622917
185694992
53713944
79075702
16185029
18546931
91031517
121303032
125594931
130639996
131873145
136778956
137828508
76491666
79152274
129866228
150936006
99795
16117436
46852649
97850426
106375464
146370729
149951411
167237357
37942181
38806164
67840541
80244833
86450314
112200874
116677720
122102194
148265788
151670497
183761375
186445729
193770617
17431732
34638018
47832177
49747586
55606631
49300980
30047591
46912474
47859702
33746766
60463511
25376076
11299543
57995357
19848345
31910537
85349224
95487282
275518
16166815
31427536
76638385
82805625
83581768
22013844
64889845
123494125
162624170
172773094
182313266
203627982
73226703
96580202
111362667
132808036
155464036
21026281
73590388
105868084
114101211
135569126
137012283
5566684
19139782
41950652
44474086
92163380
99699812
100845201
41773644
34509296
18482763
33493435
67091191
68832828
64911554
11689069
12423778
33607376
29574770
41400923
39230007
18332979
30507605
73570761
80095855
95709826
23948861
79544727
82929255
8634165
20730785
13932045
46820219
35241732
45136370
73642482
97732542
29150247
57855228
108931149
21963016
11690901
12825954
55356070
30635940
39460355
22216255
32741946
44114613
88635381
96906068
23625041
59443080
60265810
14253279
39305414
36318231
54897575
57301364
58626354
67469546
48182928
16057885
17468752
17694720
40429781
57966378
60603192
68825736
81732514
94981734
110982897
121327732
146178886
146454549
152078162
109450506
129784538
144124787
158409972
175551989
26493437
56493363
64568066
71032459
83251496
86586157
130722616
133751631
143403994
151372153
153675586
23578708
113973713
122400788
128529065
146006832
156880613
58872590
90160230
92175579
94233889
105426603
69529127
73076117
43907699
61052353
63236543
76582257
17917335
39328374
45311814
75718693
78426281
31464274
43710008
18487104
13381806
18270930
47960468
14879205
62215500
90310529
110937490
131105896
156159345
162439647
148160512
168373191
175675303
177834571
186886284
40822826
104552648
136158712
150905884
153678976
71752266
149691553
157248105
165967573
166514331
24145359
93992098
102944118
150248399
160924287
164032310
50038068
51813764
92405269
116181021
120336006
140446502
44281872
49176799
53250538
79453237
85121829
89277676
43679177
93870173
111673610
119532838
130250252
77573793
86584929
135836395
141800485
149310898
80973686
101501492
159773165
172959951
4713327
31081315
37545181
74527571
80479088
105256781
114416406
89258736
130541963
137743008
159536165
161959704
28880944
24342302
82285252
84370122
121318280
138039502
43023462
91066067
96155780
9361472
23653510
40382555
31317822
82740794
90491731
31530362
49862245
40190832
45917451
53657734
121719239
141670052
155260181
157890672
171494277
169832278
170202606
179357189
186205338
200342659
30053089
48693209
51263269
65289258
77130996
53584969
103172843
118752680
138005224
153675433
452132
26154307
80153369
84809583
93789278
97617401
18851547
52931291
77899132
81787035
64067690
131891169
155363748
172642413
34192371
35107367
63940703
129536406
140134917
148293903
167055236
60785291
122107520
155486683
165018300
170891802
235030851
237596828
249049009
254300134
27909184
104907665
113745206
114167259
133175403
55424881
95484474
158073656
165067773
5532361
7649139
40252429
23744269
13525081
28204375
45210467
83648478
89395422
104878239
108202976
137157164
169875868
175247767
45189165
60650105
83426270
94688050
99097801
124115813
130139819
136549363
158291253
185753578
186899231
189784098
8777938
32150978
63051221
76276906
107805891
119901593
43231593
52499135
122233109
135859619
152237898
182991533
184502704
136952625
150134265
161121106
165190666
167426749
134729285
156332872
160188212
170093158
175331528
31539513
27993068
138254377
142510403
145047743
147233219
38016010
12877643
75181813
142739877
150962760
159395182
71039880
79919696
108869024
109919552
138190579
143160233
150646496
142463815
152468760
155537539
187740950
198666918
20546203
104263704
115319763
143445086
153827490
155192990
59990553
82809487
96693810
107401578
13106115
55551547
79767988
107253959
126958260
9051330
30929246
23162471
36545063
46721586
50357945
59561605
35933326
53666268
67117375
83384484
120141544
162824667
28069979
62736133
74611896
120710584
130539298
8426868
32363464
17730538
40701244
75056585
15256434
24409224
22940334
50835863
63143675
69910747
66400873
67349790
83090533
152776505
180386036
182630077
183859108
188183738
18892223
111677950
142758982
153041819
160206137
163140774
76810281
129485044
134904213
157369039
162887409
29287709
11372508
18257163
20819536
32938352
18501103
37420826
44502059
35378779
78723273
99356096
13288682
17302589
63228267
91022500
96715260
107560146
28601612
125826579
157966586
159801525
167854148
168506678
29396191
119435709
188256453
190720008
195031222
196856905
47713058
95875940
113888106
133769422
148748341
165551295
113923869
117178781
137875597
150058061
159030968
27879165
45405472
51555384
66644998
14442665
23481461
11861075
45537860
12482265
32218231
46666227
13493556
35232018
8804118
11913247
39391248
77195486
78688679
123659801
178719419
184387543
195021361
221670069
27459483
85612301
41763545
49553644
60401731
65768586
101965694
120704992
144117626
157812232
158545397
114170996
189547542
190937466
192793368
5869634
16799092
50078582
98243058
118481217
118866978
119469068
30112766
28257168
45094138
18916197
42082811
86945436
91429499
95384592
118267428
29385011
19939677
25538109
74200162
84800413
86796834
98010266
102381437
129146756
148387973
151042059
151459408
121809417
148757147
168096154
177828273
181619443
37299582
69581765
140800124
148665797
10080539
13553773
37416560
99501124
146984775
154177496
159102191
163580691
4776214
90408354
95478534
104534626
109012614
121463640
18655791
21906734
64460187
105358218
16769911
52471751
62557550
76359018
78625562
86378582
116363856
117878286
107688856
152838287
153578760
154753985
156973420
139110278
163677892
174750446
207224026
220697823
181448616
203767082
222136360
222396169
228095085
111516681
113807701
132706729
144557036
145839264
35027406
58249515
93793245
101254490
5903537
28507372
28116240
25998066
31229537
29998252
81587374
119833659
120095002
5382723
12632081
10930510
79239579
97624184
115361640
19858556
29870826
110981560
142043268
153187760
153676693
160513467
126517969
144400989
153198623
168434045
175188559
20867212
23838494
73837478
81579395
112126425
116849495
120757175
22912207
21238331
32429486
30150357
53231624
66714747
103475385
24408632
37079868
61616732
73995875
105624587
114862144
116458599
227851760
243767033
259768478
31856610
31906091
159899277
183599622
263897583
264205090
267889126
134839520
23923364
39888949
150661177
153071615
187876463
32468594
47712537
21794062
90410809
118755294
11638250
39823225
51199605
24367766
101346363
142248046
159978474
167233569
172410107
33149981
108666207
123753583
126754399
148107984
158321718
24547698
89910083
108841175
126937230
144661990
146753904
42788298
53006987
82911193
104222100
114339381
120916829
171639150
172317020
173565816
178084641
192508324
128280676
135194409
146652108
162413032
171816159
148159184
152591468
169994241
170956505
192810762
38204184
95010999
46682991
60601808
61904273
71722220
128160079
202990090
205772411
211028171
214440532
119579050
134692856
146113180
20788236
18921002
40080570
13041440
61033911
84503975
90115135
101524304
28903271
90192994
115538081
146234553
150602656
162402603
13934650
75092774
145164856
149984363
153719129
157640986
91897532
151825442
160849701
168708954
172043063
19033623
117172308
187052469
188803558
216558637
218124259
12506089
55160729
98190718
104642339
14321678
16905888
38455503
48649826
57716202
62392869
63857001
65082687
15132725
28363709
56751247
57150065
23449992
54437074
54544812
60299569
84392233
89428308
99019600
25277714
62752163
63782717
68407391
94189162
96264299
99970640
13653868
44666558
14454241
68456103
17530221
8600896
12568510
28300043
53996243
41691076
73130126
23679166
58694880
62784045
68282816
20538247
20231595
40598109
53505710
83623914
87870915
110209406
38458947
48814079
84680253
94164337
99258937
119204654
19289551
128446364
144066729
150299217
150680370
156046099
90595293
128829098
141526838
145743244
164869790
26841975
84388199
92579043
115422698
37567799
52493988
115499954
117577406
127544977
133944561
151234401
19668491
114970662
124793421
132787848
136563109
163407391
37989564
52328613
24998270
115813126
117514259
125524196
126612341
20483633
28519826
19843050
30106052
88009713
9335063
39668579
81421295
84544505
137348816
143438902
145442177
149801068
182873160
120038689
120422295
126220833
132052046
150627897
40957105
46699878
122185702
167436349
173536392
182792305
185152552
12790914
26999376
22504961
71861305
117663401
143348494
147727758
152988748
22010182
30614874
99355981
106091583
47019222
64746324
47788808
77061421
15941936
17464325
29948803
30929765
44397942
72373993
74461661
75070554
80576890
126838961
119659085
162783883
10080059
19182715
44114038
49940369
36754788
