19541915
37624504
44588143
41561868
39571249
48019953
48899519
49615645
43848149
47160128
38215872
46487861
48539212
33001351
48535454
90495634
109298292
13580351
15871178
27239045
23767940
38117787
16454150
43925262
22564550
9882481
54680446
56411760
33765454
41484735
19302191
13225737
50228446
31558793
38658213
66920470
27198735
7405053
11340299
27026692
35638598
53907882
14780269
74103179
95403906
107075084
118583766
136051390
59274086
39223925
48307173
64813976
97092031
8822650
16458049
31558531
48123535
53308528
42820508
6847140
31563857
43533063
35759344
70534330
78418917
93461914
24157930
16598023
62918225
71292782
76666203
27967008
15582575
30919104
43220354
55107338
65018199
69006201
82158656
86135478
92979882
96451614
13493273
26494197
29552266
68438605
73197754
7186925
43826295
78195151
87738000
111988368
21650189
15890887
80721960
87021266
91705372
121321011
30091451
32601057
76375210
80617586
87787874
54909467
70068567
74300037
95285844
99537098
19360019
11574424
32710945
51793518
65902241
69257397
44166259
49210225
74913621
80151372
102162405
122267175
131590364
151734624
14471999
13603770
64284958
67201154
71296593
72426479
17815999
67550659
75543341
2661747
39610520
53979328
30251927
62403295
79979876
91351160
8018013
27563893
33125299
20820158
35455262
28032895
44060172
17051256
23923434
63974042
111548170
160009076
64103185
70954262
31131033
31888220
59622927
68276829
74262094
19571999
47313830
8151011
10429539
19434675
6417561
17633548
51303871
65766887
45290871
46294352
47010683
52562171
73836452
12431171
14024516
33571073
20573327
107902862
125680022
128261090
130451710
132685193
12906895
12336298
22145481
30689592
22982493
25117874
20400247
41179297
51031904
30687323
38314505
67014115
11803642
24086633
55650495
5833960
45396828
47184139
16789594
27706274
11584124
45923790
46517054
17526544
63140534
88741827
92981570
7598622
26936214
23415580
25154898
41198300
71267222
73187863
12703204
28450614
39000555
51961739
62175140
21653882
49912430
25132896
27111037
35627826
53238530
72466131
13440601
63415641
36991289
64251120
89188309
92015663
37012567
52665594
68689607
74117217
78002147
21205997
44258316
53435089
57803468
29581495
40138993
43049920
52591979
67248933
39999866
13763395
35531289
73434023
94343447
16796746
45617336
67519490
80633706
82826009
42180772
66183671
83619979
44145209
76074300
102564222
102763641
8812804
65275132
12172873
27630022
13700269
8474143
30484877
56503929
6500252
37227793
16531947
38725443
47554257
54450457
84229369
86255064
87020491
92492511
132056607
137317350
151044488
18534803
27834878
7937193
23971703
53144842
24426130
52925436
56912677
-3107882
36702112
57499968
18892786
37586391
26655456
73418260
1220584
61283191
6601175
12579914
38458312
43449517
51687640
15630852
16524376
28417339
45708630
52946328
82104621
8000512
49436236
76970941
7449645
15831265
37892871
26965094
43522516
44520865
19764628
22983053
44331776
37421153
57759642
70872169
95653324
21330620
37903743
27850102
30036746
40727528
42242807
55470255
20043548
44023262
52956650
64336924
100512838
104105688
90983882
96580844
99485612
126751279
131182545
74111183
109853849
111830347
133423644
157923901
65567589
110197467
145928463
13292990
15065473
21196933
22581650
41048111
10831725
57450094
76815005
21298600
43020424
53774365
80640476
103485972
40568243
88913881
113308673
116542246
45783885
46039810
7884454
17426844
14547661
21126654
15549882
11160713
9652276
36033593
38451665
53761355
18293384
11188316
54403316
61831745
7601542
32304452
58866686
83822522
105570430
137286024
139570631
106718396
117365423
122216004
137695681
140429151
21082049
52441152
61646219
79833568
101440913
104242976
58409954
65485173
108639242
115098563
123901132
7220273
35392785
92344527
96604038
113006649
27297978
44550698
82363109
2901577
26310952
28976165
27824269
17611099
25850970
37322121
19243653
27880601
56938177
39532363
52209077
67917016
38826691
71680411
92509894
96272425
97638265
108874546
12600230
19983851
28330191
40526789
46634237
58588092
17795502
37906415
57315814
87021962
97772258
100963814
112700616
82955134
99679836
122201245
126440482
62321038
93359673
109483390
6852761
28523618
105196539
106049046
109671108
147482909
152000296
14242584
53884780
37496215
66901160
75864912
110892327
121108590
26393262
5144796
66590953
85911476
99209205
103319369
108083272
42766608
39787404
70730108
83790686
17428363
14532841
14584655
6956471
11243220
53459620
59440137
69424974
18907150
31289671
53302611
15751822
45049339
63457654
4987081
6732726
36262352
78246101
98567820
9369442
20706073
2900606
42524096
22268612
27823009
53329025
96895065
105779953
117424417
118037296
123076444
85891201
103783163
129549529
156761405
165108091
15917093
11655300
13347192
45886304
48115166
57090638
85828794
114125458
119257919
146324451
151508394
156568331
37830246
43510774
33876446
31994086
43946069
68439079
69989557
75815057
114242042
161143459
161698902
162327667
176238297
142006950
176212030
189332646
190621148
190791663
5650938
49061610
51042403
80290167
87927923
95469431
74100881
82571140
16250324
26900775
28361374
27906376
28816947
31815644
57509514
65215392
10254313
94933376
120004101
9486682
13246877
37380525
89926862
96205180
107725667
107918543
20350833
33736303
40808542
8918722
33666827
87501834
14641931
18213738
16499713
48733125
80178177
87562531
5715917
59201268
77602660
85048298
21247829
7950128
28228196
51957959
59637807
59799893
74812167
78450133
113018759
117198882
9026179
21632056
22567606
17011886
14470875
7821726
20904293
36231636
18753981
39663671
25843306
70658830
27036797
32422922
36565484
47680981
58743792
37727043
54205101
21912843
73832798
113507501
121021515
126015451
129879870
50850775
53797678
76572792
91761697
96279007
88193137
105902692
113728766
124879392
152107881
147307210
177766987
204275121
209756495
227257121
159485381
160984191
166400607
167435121
19513934
17993559
9763440
23199534
26591747
76448941
12386822
11926114
93798957
101881726
102073740
104004139
29593802
38806427
68700388
72289350
73003703
94648758
27282865
79869309
90194588
91958204
93234758
60894543
12217081
27471928
46001187
4449228
24528174
52382414
40968362
55331266
8642373
22707498
22111109
87275405
7826406
30624383
38568840
10400345
62553503
86282852
98769924
107888322
17168679
37851559
92439540
104356989
106429954
548518
37692761
26538487
48143133
73366474
80372752
55051878
21913207
38624366
54668438
26621210
13879305
18564710
63871132
20914061
36103229
89646722
101090819
119025584
154149169
602135
15634184
28418317
60592857
70037690
82298742
22032092
43935317
63864042
12662275
34503216
10010147
19716474
30522639
44363090
68953315
51752772
54220897
74874745
96717845
113367339
31353663
33106695
86546132
9301439
31381362
53199694
23946877
42236247
5291358
6979398
31802558
31146815
35137120
43549351
46233622
43138816
64103961
71784343
79079689
96136478
112976206
44940329
17407820
20706796
83286255
85457689
103486162
22278110
24353667
38078657
42975281
14179173
448248
33111588
9238159
31217353
76248819
16644790
32629250
52649231
7461368
31283616
42903704
44467988
98060048
104800323
106826805
21404358
55506743
64663305
22838048
14330823
60006141
60335322
41734917
56322182
9603439
48250324
10403750
25531520
51011055
21720670
45620846
13680800
5091868
11911697
72168372
101395810
111865188
131597431
39636241
16604273
72706137
30139071
41053342
47647157
5324876
41028461
69749503
13262213
59369205
69352149
73593240
21400917
70580551
108144377
111731627
117649035
125642426
11571871
80695829
82212771
8471864
10860581
21296268
20612000
23075096
58901970
76291211
95539945
60337523
2342860
58972731
15707573
33283034
48441149
51560381
60473414
33072610
62955725
69871739
95721564
100555195
72925543
92458978
9162965
42148138
56912924
69323138
17005962
26520911
33483468
98600192
306394
21230906
67538522
99433458
19512497
55716391
581700
7091681
67380660
25982822
42637954
60546311
16871284
19955161
35620013
10947913
18076400
19334799
14921176
3633026
87878468
101815029
115233440
137861804
186820942
188009867
193153192
20089134
46065280
39185510
84922434
102769810
111332813
17342313
25081046
29678209
44795205
58868829
79379350
35897509
30315179
4722343
31116046
42547827
89634289
95149685
106369924
39938622
55751087
16397216
19217024
32815053
33785241
40657000
30168839
8611738
43137510
62520314
66350870
97533643
107573437
14053585
85521890
90814284
11034552
30714762
6744248
23641198
15227379
55681755
88375243
99040286
33878867
48749717
439710
12632504
21496349
40360797
15638922
56688339
34063336
37371960
42181696
46924650
47320276
54788589
85459270
99820607
52422645
74362550
36211708
21578893
34743316
25447764
29100802
38741208
27379696
38818150
29501841
25911622
53064832
58907369
35460515
48845558
21884705
28626476
10088593
38509050
20311852
26923732
48265210
74425848
83912648
115014228
27616234
56358192
67923017
86415792
87648017
41604172
20242383
28033627
43518673
82568959
32601954
45384120
17239155
31627861
36688225
15102612
23969339
24586902
54675736
71169068
76085721
33625048
44824057
16668119
67572272
74241365
86213006
105362947
108520188
55102702
105373875
126981128
127581632
10190600
43475986
94239107
113329312
115127207
121011963
129527468
23131888
105261415
17686316
23614499
32049541
7109440
22471882
32559084
94793271
108170047
12806692
46891520
115015
31914748
62158823
91153349
102166760
109213683
72021854
85067480
94647342
108442578
127168137
7701464
15095567
42766051
53894998
13536582
57188833
23405594
50166265
27009189
71268894
14302405
31501512
58649295
80641859
83382542
95730206
34782058
104390110
109603699
33151391
34082591
45135898
51072568
16319861
40228808
49049262
52391497
8716194
19422147
56666617
66213106
77989234
99372535
19791871
124650767
126992612
130839754
138766056
149414908
36217469
38706611
48816510
54261329
18162266
51355570
45393956
75584498
88157557
115349503
126594947
134024710
29793595
11173879
21112329
58357341
4199220
17399951
65904187
33962684
54847205
10543070
9926343
36468910
46821667
31420519
45388872
41126540
63290085
66475260
14253635
38106914
59521226
117847668
128744234
5580620
23764523
20588413
104210678
5791193
12556093
66324330
68339088
16735020
77954227
9941324
41756401
50996884
76503295
61237898
80652636
133043462
139486633
2197815
36632835
16110619
5466455
22307820
62910100
71308565
79989435
78393191
88726487
57301430
62974167
118280802
125132793
28680863
95486226
126526408
128892099
138579161
18142390
4550693
54880017
63764053
18278451
6953791
34765760
41181586
109600827
110118431
115801080
122121854
28953793
33334872
38934638
46754062
58574877
61622661
130792084
151869364
153572490
162481717
172410418
37644666
123491455
129291290
4254146
9753204
62186229
19997088
13070761
20913013
25492204
35580836
7807123
24161197
25755153
51958496
64571561
92844462
23712481
92683486
99665897
106862631
110957825
33804262
61254054
22082450
25702506
56791987
615259
47778334
55976696
105705485
106310505
111393832
38897953
31256681
22357024
48307293
39020684
40013680
20741256
45648375
11886665
46867477
67077945
78877853
88476805
17882419
19488348
16911445
86664781
12994875
15155765
27942714
36225921
10637893
11650556
12795650
51097792
50548858
14833177
15355028
29513468
11672286
48638282
80142098
84380096
1426258
40500574
23165353
56866774
59984787
46468095
55621637
66217239
34348114
56822279
67395416
69407174
79517730
103884193
108399233
115072400
115547787
46949057
32517481
71359174
77558893
9175805
62622304
50621009
53831189
81654032
14342141
52669967
11962927
45313202
70420195
72081405
103605787
9605473
74258770
85714747
111624966
117347368
14131378
17739358
49572673
57308200
23177676
44416751
28236250
11513899
7332811
17386613
60712871
10692794
43013629
36789076
6735422
24970537
68933889
37948224
38179578
34019539
69998697
82838581
20830039
65267833
76933143
88413091
105457094
119862301
51114851
54874444
65048632
73706778
98570153
53206592
80042579
83988760
104975653
114987720
98249365
9357763
13286864
22258826
55245706
14683326
71142442
73129603
79665157
105089266
113466531
