21478769
23420058
22015897
22783969
28920022
27358024
20809688
23237051
22308782
26288677
18246504
20756523
25247180
21291569
23744319
22860855
21940794
23246238
22723389
15535284
22662380
24113950
22716513
21109138
26920346
21551876
24136436
21916777
23754401
23922265
25520355
16009320
21605106
25364917
22076317
25599143
21826751
16135142
22140955
27470744
21688801
23784138
15356122
26391532
16918552
22417233
27154728
21592935
23840398
30209254
20307312
21426640
16308791
20128269
16603495
18005514
27126542
17981695
25974562
22295883
31086336
29477741
21542861
31450603
23961649
14716544
42186623
20522610
21633908
20221184
19104642
22772299
31148674
24303894
21115649
24448812
22856865
28114703
25878655
29586269
34109857
20858034
27782201
23715347
38021922
24755517
31163240
55538472
28350463
22008850
29508954
26049683
27609454
30205324
26007846
25699081
20068096
21231237
24410116
22138069
27642907
27329335
13548609
46751017
26063277
25644771
25565711
24126936
36674154
24418311
24483438
26408313
16154889
21078915
22267591
16730837
23464058
27004080
22841760
25454556
38284872
21218620
15863127
21543861
22084351
22719628
21223547
15434217
28478583
15294718
26782517
21309780
21659830
21901563
20263911
30486328
16498699
22129566
20461007
26938510
23182027
25458844
14973479
25551583
27989701
20691013
29888962
26772422
30478603
19804158
21175759
13435977
27826216
29917964
26359373
27744218
21866446
16269435
28751984
23361669
18224966
15879416
27138767
21850696
21163450
20776766
17974259
20494162
22893828
23046105
21773611
27537410
19580395
16314204
21519791
27684912
29328697
27774676
22583825
13330175
16120967
27445862
20223062
41561581
21554001
15116060
16003975
18266581
26953263
14353210
30880329
21402350
31447256
14981191
22247212
19335462
13125202
21848494
21052862
13376864
29650095
20411368
15103864
41546560
22848583
20952317
19609036
21372119
22980052
16121482
16468314
23620298
20130656
19940227
23019631
17704591
38067512
27695046
19443639
16258502
28551957
27612623
21483035
21798708
20820841
25296059
21552703
21567993
24526402
25463760
29421728
21814669
21945119
16330019
27145434
14411825
23493305
17904634
23628536
22745171
21138804
13435718
26722995
21723216
21342422
25011968
27043883
24155430
24903765
16287236
22925701
21737428
14115987
21172404
25719712
16613928
21320343
21782098
21750261
28409932
23240720
26838511
24736450
19898768
24430198
29265629
22050260
21615654
14406718
25602795
18149574
23987462
23219099
23994766
22973076
23732220
23181484
21925311
23938019
23104559
20079693
25787099
29738556
24659197
19976492
16534900
22852532
22951055
22952283
23506030
26087788
15772252
27875999
15792244
31065979
21570865
20599592
30000675
27546110
15810264
22797651
36311654
26627469
21788372
25194781
20895825
21374182
27667036
21616117
29179186
18256557
25918838
21260501
30066225
16637488
20326858
14906885
22970773
15632079
21448348
25747519
24251521
28952287
42560960
30181852
25537385
22031936
26271656
25223097
18175002
21516809
21711322
29292791
24822360
22718189
22171473
18186143
25524398
15580840
27694021
24685433
15671305
27009607
54072438
15529698
17092369
15053774
17922591
32490746
20298357
17058028
15831248
27621065
25766757
19607860
25380175
26012376
21987728
16132731
20934277
25216103
23437051
28507999
21094110
20277096
25341157
21443064
22122801
23562974
25331650
36296299
15201521
20133747
15979946
19385914
34959709
23395092
21866775
21402127
22761783
23624995
21831949
20687275
23879453
21450579
21949938
17920079
22617976
21122972
25217190
28953900
13590856
21122460
25805063
42633376
29751726
20030563
21637640
31694557
22726381
29681398
27165750
22280767
15277002
20880714
20468234
27700703
20200323
21001093
16320007
13744302
23910255
18048250
30146888
21821124
29333572
23592945
17655912
15738426
15296704
21359943
15380285
26937150
21048865
23121970
15749580
15187378
23622239
27017526
27227214
25686379
36573485
32787652
28665705
21901259
28771078
21731372
38492017
18259976
22004693
15412447
28496143
22149409
22300936
32667072
20465388
16487756
27397028
21855533
17723790
41376543
15203297
21259009
25678204
23550277
21914816
17698829
26671249
20923630
36139963
25014952
22401105
32124274
15873710
22074279
21959068
17183727
21932500
27987432
21561301
15988104
26858462
20322307
25545738
24627729
13355476
20755916
20356542
36212414
21597963
16730211
15700129
17706685
29731409
19949199
20781504
31909571
15344905
24427166
21840314
28315223
16382688
20392416
14682467
22435251
20290842
21825627
20777685
24831669
21675861
21940364
21392386
24348228
20522373
18017660
24084992
16872357
20253779
28490741
26301045
15267912
20204910
20251221
22360705
23742317
25888020
20955061
27404030
24617101
16784907
14518665
21553316
26998710
20075794
27918234
16290225
30247323
21438822
24279709
22807827
22766351
16676349
22383445
20969801
23681808
20326604
25134497
24796888
24373594
14655095
24163522
22750360
28141607
21401427
26103790
26533107
24458830
26643668
16430809
22313304
15457381
22676071
16225075
15662564
30920900
16957950
27450003
16062104
15094696
27345568
20115351
24348311
23494948
26624074
15405233
20313478
26061015
23388348
28574584
25726861
27693203
21082921
17939761
21224609
21402508
34485532
16830539
19738764
23897171
41516780
26837151
16263394
27213994
25041013
15146421
22233260
20991103
23687656
25374835
28585354
20677631
22027588
29358681
26899183
21407293
25061463
23270121
26876959
31902699
21626907
15580871
27702000
15721826
15793170
20187522
19898978
22037501
21976075
26056597
15068183
15221436
30244893
25473552
16897737
22650035
27130283
23485468
36842411
21829376
23594903
22746215
24310285
29436058
28615462
25339139
28355402
16449510
21989432
20590204
38388165
20258596
30122931
23426416
17190228
20449433
25378625
24783139
26779629
27057062
41568462
19501273
26333844
15345368
23409189
17635561
31647485
19501688
23075861
15577823
23063404
25508989
30180757
14839971
26725887
27294039
26458055
30002533
21041485
17094683
20244755
15332216
22826299
36504950
26037796
26403946
15286897
26959830
21503549
19533661
17527794
22579685
25769442
21305101
21046039
21950508
13495453
26488400
31151586
13698198
22768157
22970092
29214256
21397882
22769959
17821450
24755867
29253334
21136072
15446385
23753123
26503460
28627229
22253896
17778201
15432828
19520262
36814835
29014514
14834763
33277901
16154683
28766182
24499881
28581649
21941597
21341495
20498149
16969836
23544170
27011994
24723946
20422017
29567829
15466050
17093551
18063185
17028349
13732108
22078215
15887417
28865754
38492435
20346554
22797642
26219323
21532589
21854464
21691030
22037014
27830421
19557240
15234681
21497082
25126627
19644590
18104967
24332349
25939485
14489499
28564163
21051026
26345754
37028878
21685775
21034019
28427421
31194765
18059107
15193994
15883162
17869169
29726987
16152321
22225477
29740405
27916434
18331782
24684135
20449985
27537684
26873123
16325275
25663567
36506076
20964607
25530291
25815856
38382021
16645848
14644909
22784150
38292585
29457183
17742253
15144036
27101311
26718042
22755129
21021708
19473913
22842991
28680973
16726568
15186878
33615495
21515214
25653540
20383695
25658346
26979192
26766811
23868101
17061572
16015716
15572422
20338079
34814073
23180242
21934104
21344764
33120604
22881953
21815594
28643108
24762509
19817565
24663524
24695832
32941016
23076863
24944443
18676570
36658036
22944406
16327602
28495922
22222603
15208515
21855976
23760521
27156814
22352249
20516839
25127223
26812104
24385457
26902891
15254174
15009920
21930035
23804203
30004466
29818849
29944458
22923084
20298517
26519465
18472072
27831458
25379483
22717569
17955428
23549723
25261045
21907279
16350122
26671392
30514340
24711385
30184672
16831949
24563247
25816782
21163329
15342300
21406961
42627042
21886231
22120233
21924453
41631539
22053212
26012283
20690587
20146782
26923050
26992522
28107510
26264615
27768157
24399038
21777609
24666759
27668034
23656759
28587041
16622650
25407092
24816328
26840053
24570251
17838503
31535357
26812183
22175512
19412840
22061063
22161334
24519338
25796990
16614630
21743736
22441157
26092638
22171086
25327419
15414804
24073691
28341379
26688824
33087772
24323803
17971928
22467658
28638656
21562343
34914677
25392639
20479151
20850289
15913346
20459374
20677180
25706413
36263790
20377772
19325422
23025903
20794126
27207585
17847351
25617016
19077812
21477139
22683050
25377706
28696755
15312428
21293794
24087424
19651236
16253159
30874073
24489645
21260200
21182014
24847633
27754475
28621790
25434887
21837772
30163899
16577250
22929757
19911157
24424260
27635423
26712371
27432114
17901074
22974561
16557449
19793835
20903628
16091838
25564472
24127279
17937983
21591018
34934427
22803383
33104615
27050616
31702376
20041693
21086189
25574357
14254650
21187817
24873762
25994615
20487582
20200923
18192444
28170169
15675447
17114976
13128576
22824899
23595209
22178444
26841865
32247483
15554035
26946093
16393935
21020844
23724425
14961527
23670599
18097514
18742842
20562788
16262141
21003452
20223861
18446640
26988419
27247813
22960840
28906887
29105063
31042507
25289303
21344020
20452972
17846562
22720006
20034697
13828425
21620076
17788652
28439916
25655007
19900246
27832110
21444413
16385996
21200705
37084589
21255078
21843950
20243752
23629015
21801936
26295786
30265959
19755745
20064685
14318442
17470690
17148516
21105761
17492635
20604003
32173920
25373518
16468910
21475356
26120618
13542715
23431017
26323576
15331131
16526599
20050835
21650579
23727266
22151119
24854727
17780910
29481117
18184992
25335117
26950267
17861799
20427274
26400011
23714672
23059873
21875862
28526755
20720021
27096328
15033699
27439106
23621319
21441482
27428540
22532925
22821480
14402451
26736610
16278710
31597150
26946021
32434592
28541876
22690222
29728981
26745287
23041373
25537836
15260034
16676937
21286574
28929018
15692909
29435148
21229648
21996575
21791455
25991806
23802519
37205995
21070181
20324071
23422780
23194987
23584887
20516473
26772768
21361250
18260699
29103649
21429485
28275797
26279564
52477905
21786558
23114593
21744522
21115638
36314615
21817157
22918765
23363286
28177457
21285153
19336300
21675174
19535146
27035216
25549225
24647281
22309028
23647868
27199255
17848508
15187035
27725049
25377416
22182099
22339604
26950120
19562322
17984495
16205586
26864482
27083086
25282447
26758993
28413218
24672992
29246304
16265306
21654120
28595736
29992850
25236508
28871601
27059197
15828145
25772168
22320216
26106822
21217435
28549154
21576344
17946122
25108025
22667891
16742164
19600435
17587622
27877843
27867974
21962782
23266562
23868399
30452811
26386892
27691761
21239349
22137947
26649739
21739938
23723962
22392304
13565784
15429265
26919928
28187281
23574977
18128591
15417209
20931839
23713095
19267996
17747951
17173031
17016713
29408147
24673816
22482304
21837241
25185990
22868682
25301938
24527617
27320415
21291317
26697420
20682484
20911017
19560988
21832808
24547840
26591955
19841314
26029830
22724614
21987646
15437302
22001927
22742667
29375175
21093464
20764362
23071969
27172000
22689745
29580438
29513512
23642209
29450854
28625961
28599725
21416369
20339955
23625969
25103235
19455988
25193373
21399793
21165591
21598661
26347585
22928833
17132446
23033819
15771722
17873674
26620830
23595184
19400682
27697917
21648879
16695894
16423960
21570738
23681661
31298722
27425276
16913496
23647865
27269330
29816141
16529750
26670063
21771855
19720353
20716479
30239936
29629798
28439796
21360140
14450241
22337694
26627649
21465517
15292280
22786331
20877680
27070438
35114082
23930252
27404979
16581898
19373933
13756426
24590121
20302496
16439459
30763113
29566548
14584035
25684868
26287762
13053888
23051519
24561741
17025047
24666999
22583368
20138469
19425677
35012316
24456783
15370290
23391587
20200930
18130756
21254919
14484545
18109615
21334929
22786647
23059632
19527167
24540582
15687973
20613129
22981904
25854172
22760886
23780791
29825258
26720046
19355437
25593992
