23359117
45156464
56423906
58967480
18444626
39534436
23319102
45644831
50411526
54890920
60143926
35935106
102027672
114083982
114940751
12274297
57222106
71389815
88624402
114814708
122559739
127119581
65883421
142389584
144649259
8685699
11760393
8255802
51279929
72849086
25599849
40252691
8375945
25456391
71273235
74138803
113667121
34686785
20579320
29569071
29970357
5279223
15146556
46911440
25737769
28050266
7734669
33497742
92748487
99739087
78624251
98382585
124800806
135990574
139143104
61333025
5601858
60495108
11384713
12924702
46559772
8133882
21013608
51761952
12934653
47494257
29097759
47333920
48569255
19578538
22840601
75768423
79016614
83297318
97314300
107578660
110663362
129015011
139182849
9075360
13058125
6955593
29055020
40037199
71894840
28108327
33545954
51326166
97960375
36754219
142714019
14915640
16937488
35333568
60698033
777607
11257490
73973286
89209175
98635797
32766033
51669249
27883404
171800695
190733489
198146006
201149453
212295941
104067459
153251902
181716233
185831023
48544132
54153009
127632175
133695292
147660679
51304278
70642303
46992441
86317991
102930975
106192277
115053921
24607774
93891292
130521174
133859470
27375434
15575626
26748149
44896094
27558423
27762121
94186760
95241337
97596359
28203462
63933789
73342398
88841494
95387814
115161098
152705754
180784612
184349223
184971606
21214268
51964660
128774957
130581440
197090852
218480622
223346582
66807207
90250561
110034111
134109718
145640916
29127916
50825290
51043704
117792828
119328044
124473005
151845685
179728225
196193610
200209995
207382073
102763761
42499103
53108723
88153143
90426290
43515895
100475072
113620348
144195154
151130336
126885519
141768576
163988068
168428057
32760602
40619146
20479033
80138783
103769312
107858805
117855401
38831302
57439097
76731347
80144499
53080291
462409
11967531
63241273
45065750
20034855
37315837
40235022
69285596
101058209
105199266
120819410
43687686
52143577
75314172
97733870
107907266
110204535
22575112
34208599
38721697
55304129
65264237
90538049
25113455
62105621
71393117
75304628
80054851
15717805
29702836
129852811
153848685
156351336
157785213
165600291
41671239
89460775
126694073
138479307
160062272
163988497
36855189
61060789
84047864
132111981
6570890
258553
23279148
58484236
65299400
69186441
99759217
11855673
25855446
149293
209923033
237600089
15443605
39938664
97675529
733804
32202691
33884063
25242321
14249338
70402432
85657036
89912740
51830018
54900028
20373334
49364010
40100691
5304874
16999767
387147
15268428
46940129
9864959
21665702
41888130
8657257
18460752
52168349
26081602
67170152
84447575
87753286
94765678
52698435
98092721
111204073
125832100
12466947
42960579
14053276
27550637
52096025
57259711
79227213
85942940
6580617
9183058
14773292
96321529
131734195
136376002
139748625
145719955
39042362
60503320
86134213
97795774
129281202
148221761
8833746
59437686
5101771
12144689
18517420
33898876
46289262
44421563
30076994
80931355
14587043
31754072
76032276
20908811
6850817
35455535
9758163
24139695
75507470
7445886
26469409
53186933
65881962
70273175
74441142
15570676
36392809
68636893
74475650
77004228
89443314
42877750
51511886
59986014
62494557
97550923
119499846
19370864
30924031
61379401
38791633
41088258
67743598
82741710
82610595
84247739
74102336
98425366
118227886
142059044
143711679
153521011
34963715
176034603
183827324
219335669
225337371
226407772
54192300
79525876
16791048
19056672
91552770
121812629
126101179
131270744
132526469
137407814
138427762
77161751
79846028
130932831
151981672
655985
16674927
47409675
98699938
107185209
147188900
150760069
168048856
38478776
39324118
68314001
80879648
87031519
112751292
117226059
122651161
148781318
152115170
184206726
186927875
194213856
17907872
35095284
48308278
50204259
56061399
49746035
30552071
47454019
48380553
34264700
61046437
26096827
19339369
58438461
20353945
33330566
86821629
96932565
778339
16745571
32059072
77318652
83418296
84193646
22534337
65412091
124433838
163606886
173692402
183264884
204548619
73689243
97033107
111861529
133256140
155912578
21568318
74088361
106404645
114579015
136047795
137494954
6173463
19775925
42557939
45113452
92769410
100289170
101434066
42307878
35150127
37329222
52326658
67613691
69330741
65809729
15759764
13069427
176015
30237392
743561
40318458
18996084
31209776
74236420
80738412
96366517
26097327
81859343
85045877
9214939
21295840
14404486
47314915
54261805
64188231
92662234
116747227
29901384
58551851
109627139
22630604
14557227
13444178
56233211
31233249
47689302
22665651
33173724
44597933
89084859
97350904
24232763
59988028
60789858
14885104
45866769
36957299
55578845
57920323
59256535
68085967
60332091
18515135
18120670
18326103
41073275
62008112
63396012
71663745
84582783
97770421
111614695
121898464
146807277
147038979
152639101
110138943
130223263
144561222
158847228
175991578
26941256
57131277
65118974
71575456
83793785
87126304
134647343
137655934
147309116
155277591
157578898
24187843
114519605
122929090
129055413
146545596
157405485
59465326
90730088
92737023
94795768
106053719
70030574
73616313
49739151
66868729
69050695
82565217
18487676
79162612
5608268
88086964
90763034
38548237
50781870
19103052
13921680
18801454
48558336
15488762
62793569
137151488
157578658
177752944
202799886
209079160
149300350
169426314
176764534
178898030
187968944
41703171
105213510
136801694
151549505
154367727
72300623
150294776
157819114
166529682
167042873
25567221
95483193
104414680
151729776
162398294
165502978
50652687
52365995
93000270
116720681
120869939
140999690
59641972
49896240
53970109
80257138
85882788
90047122
46697277
96952686
114672936
122575580
133247934
78104969
87095895
136365287
142310403
149871951
81472290
101978752
160267913
8020885
19125536
45506274
38157101
75139602
81021726
105810961
114959496
89920621
131198774
138385789
160231800
162601606
29320014
24919223
83089275
84957553
121982405
138667518
43492711
91530338
96603536
9854317
24145036
451620
32034484
83447627
91182075
32110465
50415213
40744184
50195174
57863425
122232316
142221983
155771090
158462622
171990386
170400203
170639004
179795707
186643658
200781957
30621361
49245998
51814177
65895552
77703454
54062452
103711132
119247984
138513056
154134651
1149523
26797842
80935942
85382841
3843527
7713927
19477294
53551811
78611789
82421998
69588197
137463846
160914871
6616790
41297562
42194035
64616664
130047047
140671821
148817213
167548553
61542212
122861629
156228918
165756384
179896112
243968727
246546728
257983329
263216780
28653187
105436948
114255026
114740886
133685553
56090926
96055376
158643495
165629031
6502159
8674604
41227498
24484593
14207749
28850168
45756863
84164250
89905336
105441477
108927867
137656396
170385062
175744370
45691942
61121748
83923067
95190587
99576514
124609871
130691106
137473930
159216943
186626202
187761996
190714692
383877
32734896
63533979
76744612
108287374
120417255
43712848
52962599
126376206
139985270
156364308
187121505
188626703
192653571
205868099
216802399
220871339
223107750
172049575
193680178
197488715
207427573
212632449
32160680
28476350
138796631
142978800
145514939
147700820
38628895
13332208
75683553
143198233
151404841
159836828
71748431
80608742
109675490
110575468
138787818
143755524
151243490
143616687
153666461
156671992
188884134
199804583
21138382
104797526
115823076
143949694
154330792
155695719
60499677
83310382
97258758
107891014
13749004
56116751
80275003
107806294
127455415
9543604
31354908
23703647
37112394
47273837
50907926
60168137
36460919
57045305
70383771
86616789
123429177
166061671
28695332
63329206
75371034
121314303
131126426
8969693
32873715
18286908
41249685
75604946
15922887
25065801
23629759
51470662
63811712
70536854
66934197
67875761
83603958
153611736
181252653
183443597
184672412
188997530
19479004
112258485
143332137
153603104
160766611
163702207
77290899
129958741
135432301
157832120
163350402
29816749
11949248
18820789
21382979
33510618
19196041
38119901
45105882
35889300
79202184
99807781
13836595
17841609
63746952
91576332
97263209
108063409
29186545
126289665
158416495
160244734
168298330
168950711
30008384
126534230
195294082
197740144
202051347
203877259
48416026
96511399
114497507
134391262
149360354
166164365
114499374
117735001
138432870
150704757
8437623
39651101
45914972
55804336
6016429
25970761
34818989
12421146
46063149
12979089
32706269
47305759
14223415
35952063
9397114
12444147
39919874
77730655
79208703
128144834
183137320
188787850
199421672
226089809
28211411
86369004
42289497
50061381
60908750
66275879
102660881
121140568
144555063
158293261
158979843
115075471
190448431
191869356
193677977
6401301
17297558
50614468
98762234
118985218
119419820
132016
30709339
28766618
45593057
28468269
42654368
87567578
91986378
95929147
118813183
30092246
20460946
26144198
74793141
85381164
87376581
98589463
102840028
129582328
148816784
151488960
151887424
122361161
149278501
168582128
178311794
182102778
37791860
70102030
141273178
6318074
20692971
13985988
37847231
99955287
147435524
154661153
159576919
164014866
5390136
90935185
95986007
105042041
109519266
122058218
264097
22457502
65054328
105899462
17550624
53252564
63332451
76809199
79107903
86811362
116846233
118310806
141786387
186934731
187657329
188832671
191051869
140257672
164866994
175885717
208415551
221827843
182122698
204425612
222795415
223048693
228749700
112148554
114419121
133378683
145184897
146451354
35735524
58721397
94259482
101719700
38540091
61097649
28768597
26510377
31718304
30552748
82140659
120384456
120630974
7184928
13335548
11531174
79845043
98215555
115959202
25173315
35381937
138861755
169919487
181051435
181616178
188374227
127044618
144921151
153758733
168947148
175698198
21441895
24437848
74404149
82302332
112690043
117410645
121356088
23597810
21897775
33052937
30850840
53918448
67354307
104123611
24984513
37701713
62254747
74619683
106316634
115481680
117077178
234112371
249986618
265958146
39882528
35592487
167866921
191589333
271852236
272127726
275814120
168348982
32139229
47955280
158707812
161100777
195912343
33142824
48462679
22309482
93943985
122274251
12143708
40311233
51713332
24876500
101908502
142802960
160525612
167779625
172950742
33711977
109184346
124298991
127254794
148616149
158822920
25030423
90440530
109316620
127406349
145173768
147223376
225194
53601251
83494279
104843420
114917268
121494174
172091673
172748771
173997645
178516853
192941809
164454175
171315887
182748016
198510270
207910659
191392685
195806962
213288092
214171049
236025440
38828336
126674728
49792523
63698333
64999024
74818070
133151695
207974076
210695519
215950216
219362100
123111603
138206095
149628003
21409797
19445563
40560302
13608044
61597122
85213695
90668707
102108258
29430032
90816112
116204976
146844604
151207535
163008142
14485628
75567825
145708306
150468015
154180875
158099657
92574264
152450324
161459128
169317066
172650917
19564290
117901256
187776327
189513688
217281843
218835228
12925078
55763010
98790093
105225830
16135243
18661262
40252997
49299568
58391224
63025787
64490103
65715983
16546238
28816273
57363595
57717791
23968662
54991733
55108310
60844862
84944118
89975533
99565966
25827463
63293482
64317583
68943164
94765894
96978948
100694746
14180353
45158254
14970286
68973955
18211782
9142642
13097946
7837370
70253148
42202052
73697213
24266681
59262975
63381850
68840925
21073930
20958449
41111162
54004513
84124178
88414320
110746800
38958098
49396065
85262020
94730468
99863730
119770573
19908674
129083531
144727160
150918764
151298578
156664976
93621100
131696167
144420676
148625810
167721256
27383449
84909673
93196450
115921282
38689102
53609811
115992354
121288899
127979826
134383319
151676156
20285352
115523195
125332186
133321010
137147946
163987216
38500514
52832619
25489778
116266422
117951096
125960365
127047397
21160461
29170253
20362919
30827517
88531939
9884206
40224310
82055442
85162255
178834620
184906377
186951658
191268481
224373309
120604026
120903348
126702376
132533202
151139914
41717157
47443860
122756552
167935532
174022919
183280105
185688834
13345150
27583226
23255574
72488933
118160231
143842098
148213382
153467205
22582010
31113566
99969669
6066229
47512778
65235694
48301816
77540823
16485898
17997664
30482427
31538798
44955838
72900787
74976064
75582249
81128278
127368594
120917108
164051432
10533731
19635011
44567354
50390406
37327721
