33783290
19964848
28654100
24001067
21641078
50752408
52025191
57111520
20361065
22110679
29541323
41817846
52150580
15235814
34025119
36520581
45111106
41555271
45004619
7775599
20481436
6995526
30499387
35095093
21446512
26965802
16143534
34259643
38962646
39415774
42433367
6001112
6322699
27065408
39096421
49587868
22829936
26835010
24813986
28300344
32626194
46259390
53034068
31055224
32082018
6072023
35743595
38696152
22485625
30833256
37471757
2671187
23324269
35422705
15568544
17151933
10475970
14349500
31780302
21664192
19148331
6936131
11853665
5731750
15075381
34518244
19237765
4090021
23041723
31041349
14479328
20930076
25884410
15345247
31334480
22691870
30121899
26396107
20211516
15803983
19641929
19745724
20578079
32991890
51034657
60816673
78745701
81061043
27686149
33774801
49982575
53800741
26784992
35789568
47625955
1774206
4283131
23868889
23502842
4278130
22848231
10161212
29227299
38623580
17580367
31246927
15685967
21489052
20904231
21275867
6074305
19048827
27816640
35182033
21224890
6978739
24046290
18642546
6223133
27575298
37418548
20380651
18959953
6521275
15990558
16322909
7138475
17079155
26182499
5538964
17229548
27655913
20630362
21138994
19137640
29853826
38916204
58423972
62231059
21327684
22012387
23437659
28247095
14394152
29863313
8650156
30169112
21346410
30064614
28892460
36394235
38236790
40978129
48724959
12526321
21041080
17116303
34011435
15096879
9175806
23125355
28689044
26192532
38033797
44230372
44773030
20683278
21727238
36231535
16135276
26036640
38858784
42924496
15259947
43328765
24762513
27648815
41655992
48133698
12372905
4267227
38791592
46060200
36508130
42156469
13928753
8331908
20576825
33727199
36416675
18813140
30677117
8805996
14242846
6880562
14356503
16891381
21167869
12167634
15152664
26802959
28278151
31237150
78520014
79667726
84214135
85077504
85593535
47671504
52670799
54276914
57828156
62560223
43384544
43879872
5734021
9374849
29369964
8571530
29046364
30918551
57615530
58072859
20991223
19654780
47633469
51061497
55582085
24703672
5320977
10014354
22503553
27116623
31963448
41735262
43130467
45671740
54546983
37096619
40304589
5697085
22874197
35993401
23803052
30837158
14838766
16556251
30429606
22248363
27508500
22490449
21067663
22201794
8577582
25450624
28877664
40977447
41487353
34170227
25368375
38081559
58861587
60651659
15285813
26891301
24547826
29088432
12834973
17452858
24487504
10949824
16586359
33807566
11893818
21796596
22574965
22320238
37416190
44668939
47192784
52411909
61382264
7645893
45711984
67556586
69987739
73254542
24618951
17487706
29649805
15556169
8140874
14957832
22861114
24131017
20767861
7044219
14162652
15059474
22574416
34331704
35820391
26103908
3871466
15974959
34610379
5277113
10114539
19787515
28787843
16989418
27296832
29444288
25683616
37252743
20366491
20197642
5565708
19428989
30573806
20205126
33338000
32451419
27897423
28461330
34210552
38556178
9418292
28269186
17134306
22021372
1457533
17708989
35003875
42712624
15176488
9992538
27229439
32888193
44417701
9987216
17972329
42215779
48148633
15792067
22728854
15036559
24225518
14743194
24294493
16254633
5463080
39679178
4018461
27333433
36748913
10415536
25813248
32943811
19516727
24206475
22023907
10058170
15886839
37406222
19920444
18553613
21373854
23328274
54588670
67798968
4916007
11597627
23439157
38807498
50269375
22693020
22143874
25768847
16201059
4705305
6755702
30552177
37024412
20451959
20743867
16632942
21884810
20454904
13965118
22581318
21499612
40869036
15029522
32387848
4889126
6690231
7201712
40344609
43627076
16056103
9874491
11627047
13122734
28205102
19519818
29747620
33606445
39692355
3321155
14181895
43966715
49320484
59522708
60252135
71333456
18223989
27108752
35330092
57025841
63116231
14554215
4505426
11787967
14044704
15879654
22484673
22773340
47475006
48805618
57813800
91640059
93507272
41472520
44703446
58012535
21184181
7664031
14280434
11734141
32309007
7341844
24687848
12957261
26825298
9232138
9938949
31054295
20941439
16037889
22197576
12065637
24657214
33565956
7112067
23060824
4368836
26443353
25093127
11108029
16262611
11185670
7543406
17791611
24594048
34770223
16472159
20690913
20022662
34479674
36524858
26243149
19547670
24780733
16426588
19660127
26742425
33713061
35784273
12275767
7486388
9060908
17122356
35487097
18827232
23511610
52587491
60526129
62915621
66245223
27569327
31581685
7597241
25826512
10244666
22124072
20556994
20422457
15338120
31865608
39098548
15682261
30107512
19427276
16837240
26430381
10021684
14556941
33899452
25204483
20417949
31486058
20995995
22679313
19347875
19437339
22311613
23278334
16231954
26442983
20517862
25997824
19299615
19606309
24660499
35831241
41607544
40911802
42396433
21209547
28522371
15098620
20428608
34483225
38607689
43639250
10601382
21978288
54046378
4764134
26578185
14530707
52501363
62486308
3230928
26342094
23760529
15764629
28591252
7390744
17502386
21922341
22516283
27348959
27912804
32243277
26470576
11736706
19125039
35197390
3958595
19811376
40519792
46247898
14098439
7737365
35960217
43116269
22645618
23156633
40185863
19398796
15540895
26992274
35694213
5358194
14402038
14595485
28077588
7352924
10535853
54081596
5052537
6247292
18430298
20720862
9852615
5491196
14839237
31401585
6418764
16467894
40215825
45528496
28122750
14720287
22182489
27571405
20531220
31055928
18996598
27029953
34999154
36431501
10644147
22717186
24380690
12850272
16217452
20593753
30998390
52605003
54986903
76853202
78280231
82307138
41777462
79955982
85169788
89619443
97533123
21799431
17734331
33602687
43832876
47014206
52837483
62014191
68271209
95521475
99818454
106749484
-174303
7073785
46360006
61903854
62611079
26128943
39639596
49152091
53318902
61866923
73830364
24268037
6288332
19159227
8497848
37642077
41035562
49660030
12216075
30218776
7627926
49300624
49885584
63800446
68034682
17541792
35036336
37976178
42180296
27743863
65518316
66763000
15442488
5600933
31098639
35559843
40527098
39009630
40887865
18201959
39013866
40348375
8951101
15818574
36387876
47726563
14352800
28995641
12320654
6554665
11300385
25469737
16771499
7075386
33400894
37932655
40433599
22858724
45145588
49419067
51975380
54658973
8540289
28597893
24581474
28760649
38878148
7825353
22344034
38620400
40185387
50212563
20734169
20760632
30531971
36464524
47743301
59096772
60938155
21899052
24215905
42849900
6780573
26573781
16255566
18175596
19781623
10115931
21085282
17916819
3559544
4120254
36821206
39376524
29686095
49707604
54536763
59962812
63506060
13549881
45139881
46396518
48668666
22608989
14859339
20938292
7553265
11057390
27044978
24925995
8216880
32099261
56154449
58894398
71759932
16902515
22349073
27967924
26847219
12718094
20157936
30349973
41938343
7207153
17070928
23603063
39820253
50762773
26139718
6403588
24388690
36893683
53499399
55754366
19534120
26055953
41749531
55247218
1240828
38389724
28204068
35916430
17827187
30329252
20329451
30891684
18606700
24003413
34228205
39705152
50463944
14578559
32322531
20463635
26660694
38142768
12806909
25992302
21251540
26042790
15226812
14502469
29697536
49283501
51372034
22263633
30153862
33414332
42212153
44639764
15987629
20072133
7065786
29613596
24278593
12505673
15142345
35844293
37293993
41901491
35538503
7984541
27305306
5911563
12153114
19135064
20967427
22332076
28922966
41893617
1044320
20324581
35235795
41059038
48293157
62913231
69386038
69710935
38336961
82015742
85236267
85596709
90757405
5966820
34957633
43987959
58911609
60692650
8619847
25083642
47017374
55959923
60073602
15584179
17693029
37134845
51210681
55393909
10584205
14065913
21488973
8625256
24436912
20860251
16712816
34282858
14466140
26915770
37451789
45671444
29440791
8589601
11984678
25097981
36459729
18178501
21584320
51235185
51511686
58339895
25847475
22981773
36718379
40807165
14735928
27628540
27231208
6987381
24590439
36729435
53384902
7137588
42806541
49873718
54957987
62648428
63499831
97090186
105489121
109726590
114192272
83788065
87110895
96175659
102109408
117445630
19996303
30556356
32680185
38341223
42037198
93728949
104731526
110751026
111327476
115509417
54453063
57641969
61184472
61937968
19637033
15127408
29081551
51963830
54529198
59271855
79168227
93480741
99240758
109650586
10559161
28027173
17688994
37148542
20941426
37756500
49968880
22943668
12676900
21680079
54969251
67085949
83217076
86161683
89228034
88052790
89332913
109185062
111219450
111967099
59314931
65403543
73210568
89887633
92864762
53513106
61654673
93877480
101779810
123861395
183867249
195888120
7274035
31416369
47419924
92224572
92542950
107852051
123900291
37676341
13963117
27579412
6561267
42361344
73150175
8918590
15968735
8113962
14497320
41470008
6180608
43193189
43430284
18429515
8069785
9442209
28935342
29247105
10818677
36914717
9903637
35622111
43105964
51140137
20994779
30998492
12532127
7295235
30097726
30583029
39065224
15254484
15153109
20523844
21757244
51186977
55698616
19742608
26448669
41768681
5735950
30576073
35110058
19331155
16578425
21923327
19230777
12393649
21256902
16773813
24845668
16290146
21887451
8419980
22659691
21372122
18548840
39725448
37641935
53600917
14199482
33134735
20976222
29263431
23075417
23845216
7760976
28900166
34297271
31184832
35211460
45121886
50588084
60973806
63075224
68574766
20434830
18283047
12527327
23699835
29580815
37661301
15451799
25557947
43938714
53227593
55158818
23759701
16787613
8840980
22806186
16342574
31164717
34005218
7847660
15501768
32792369
42996714
47007779
14848970
26306947
22008830
23241664
37167094
27870906
32917613
16831136
13770932
24591690
14581352
4948613
16227382
30648035
30763318
31829618
19339392
28289362
26937089
38221258
5534540
3745076
47858094
52418465
53030768
20403218
7766613
44349173
67714407
72275782
74663508
24608405
8120853
29761232
16177403
20618836
24425970
22063660
16957803
28321246
31964252
21893166
22134705
35314671
48486121
50712626
56651920
28365673
21054277
6433930
14081312
13770037
43710889
58025612
21664899
9717891
16376788
27056139
32656188
39993101
18586345
9576154
44633128
48308490
57558284
61501754
26168429
7367681
9791373
16205168
27153743
33971035
21219804
7725191
20641843
28867707
34322758
46645104
25769649
24403681
42571008
49197894
57676117
58625057
59961666
9049563
20018203
41408130
50559856
51845798
16732799
6097645
27781394
33984342
46435948
48962584
8968001
6802970
30339091
36431873
23387590
22665586
22372848
12814519
31527717
33966164
42458336
17804242
30388949
27463881
3057591
25017057
25950876
17471255
25830825
45749314
8242815
24533067
12403667
13377684
30469318
25372331
28024528
32773703
14454713
14172538
5737214
24367593
6283599
16237583
16211490
28335342
7788452
16719506
22146968
37509452
21777461
52757525
55726352
63494906
65960674
73658283
5841074
33994709
40306363
48548455
51383299
25928724
14940005
32073253
36119892
37611571
39365660
21132954
-3037313
52521977
5346184
21271000
35035485
16101600
13809839
20344154
26500577
42263753
15596268
48841569
53931426
54309548
68351342
70053847
15335469
6111488
26629832
31949512
17026635
4410380
18364499
27296266
39882028
46393643
28881196
28312965
29609817
38271058
22982333
5709830
9392349
4635947
11848551
24773562
14559966
39950040
58061011
63657338
63967472
9043140
51952824
54510323
65780453
66055513
18706622
11821860
46410522
53356370
54291342
56421840
13447416
6738819
37754588
41343369
43584910
52279984
19953957
49115186
56410571
20560638
20976179
27912014
4091657
22382320
26034044
36973547
40933011
10713807
29335485
31582536
32281721
18616887
12131543
13051430
15110777
28113015
21762379
7553562
24604040
9055871
14387612
15219421
20748073
22123428
21575393
20092157
20443145
7709037
20239306
19142603
4747871
15722301
25037541
15888014
11936567
23996654
21589382
5731208
14528739
29065765
38552543
44528277
18449393
12416460
