22986469
19780284
26732236
24256156
22453372
20434584
25597024
21377950
19818740
15566729
21135624
25794088
15425450
24016678
20610930
15755532
23868017
28990039
20574230
15057943
21439803
25631397
17265526
20776384
20543377
38042724
25607086
18816333
28046676
15161568
19101542
17143421
17347438
26557151
17536641
15740045
29206741
24595773
25094275
17705350
23045852
24499898
25759985
19318135
40421062
19339232
21269368
23991015
21129353
29555961
26353174
35991689
21388602
26282679
17241433
23884514
25251774
21460393
24739160
21890901
19031941
15483654
28064709
37890878
22270903
27869192
25907527
15639104
22572264
21047309
27021318
27418700
27181648
24368729
25767894
15419034
20362706
13883181
20387989
19497086
12635693
21213485
20714237
22849458
36285131
14392382
29162076
19552130
23110420
22884407
25615382
24224276
23054907
28289761
20072978
34404397
23173800
12523458
14374370
20537988
26424588
26851991
26649308
27398867
23254572
20463838
19815833
20035520
18863811
25676107
17079511
26656808
21285376
24631835
21092870
37951068
20813859
22311930
15853617
25679736
23807005
21325088
19089145
17455496
19123826
24579708
26519753
14684513
20981219
21142922
27901130
16156702
16013120
41440819
22493855
22612820
22937192
25889141
26512296
28378572
19577209
27810064
20498258
20056251
41996756
26566688
26651066
20617267
23197626
16516076
19966159
27435127
35960052
25221723
12842765
22019842
17560858
22520792
26379914
18907620
30688747
27235122
20376761
26411466
26456172
22087494
21382972
27735105
26878358
16610462
20462649
21336715
20395519
19965094
18820338
25433027
16031956
15495734
14819745
21453680
28997273
17764462
26765241
20179310
15123217
14381963
21563476
16756716
16654704
21306133
16564125
22610704
26220395
23125192
22451452
17821073
29765069
25766391
26865579
24234008
22843825
24319953
31731854
28991445
28877269
18179163
17585979
24145913
15526493
19849582
25395711
15696322
19409338
28235567
26936499
22057859
20514615
15548962
26383123
15634337
20110463
17386356
24812988
21453916
24315642
16602125
35494234
14337799
15202743
25339731
25350416
21104259
26301333
25163332
28906462
14310477
20714549
24906855
22197862
25051306
14178597
24271569
19586617
23706397
21414502
24934902
19977063
24980079
14765550
28090214
15177141
19056833
23553480
19999542
21036828
26505898
21305862
21415509
27525900
19581757
15497505
25252443
21019738
15495888
23090743
21211560
14861450
26101609
14941493
24727658
23775367
21308292
26339542
17433173
16373000
26353611
12847672
25840051
19902404
15496440
24057783
25231507
19946529
20731082
27107971
16853778
25288353
14425525
19882535
19599129
14868182
15842212
25022584
21653843
14661779
21031399
27967006
23063885
21195160
24363099
20719174
25233187
18950935
24083449
21313566
15332450
28225785
27417105
16454261
26958978
25594913
19322497
15312397
16596250
26131400
22198163
20346811
23124856
27515399
26291953
15935376
14542652
17441549
26204725
15742085
26171882
26128240
29600670
26114343
15933063
25715312
28080552
24905446
21348767
19914308
24220473
16478465
22336836
18913982
24202320
16325100
16585647
19781925
19411389
15651878
22211831
23867547
23002939
19795835
37679986
19662473
21291033
16508479
27075696
40886904
41459052
23947955
26316859
15765269
25160424
20250964
29586795
19586351
14083077
21254611
20770052
27171142
22815957
20713695
31282608
12712242
19690734
26508479
22970667
19717672
21384706
17348566
25148826
14289869
15321867
25107554
16467202
28000471
29123594
17313173
20427155
23287020
14397290
20713242
14736067
23264220
26978766
26372604
20402037
14626786
17742215
14571632
20986420
14890655
14228224
15207968
21068024
31440467
26913272
31533325
23233823
23040154
21504329
26725020
12496102
24093447
25152190
20893306
25564597
22031771
26070056
24982671
22252890
23120121
29804964
24141693
19978520
22201500
22916287
17415438
27606480
22236550
20085296
20847385
17527034
20044537
21631201
23074807
20310025
32750075
17749675
14146227
27389978
26371561
21507993
17593782
21942688
18987570
17570787
17303650
21445790
15115691
13708315
12824592
23175104
24144410
24106922
21200911
25163316
22006646
14395764
22087055
24211391
27375375
15412298
25099698
17106811
20584626
12796632
19862313
23897963
22648627
30010891
28396182
21442266
22397960
24810082
14273123
25254906
24512205
13779028
22341291
19885914
23762433
26487466
15958792
22418209
18731502
17431472
17245712
34391422
24293760
23095398
23175355
34535308
28786754
25874827
24177949
25468806
22326016
31698740
19746596
41225547
21467513
27961383
15549681
21438052
27163222
23346483
23711208
21970759
18743005
26681050
18912936
23243070
29782779
20849330
40357516
28521709
22918016
23979599
21567427
26120816
24040539
20509904
15590601
20068753
22953746
14809359
19761767
25156494
20216139
25249898
21039235
21083105
17553605
25203966
15108488
23335207
16170219
14727480
19811350
26753588
27512821
29514160
23016588
14899955
20376981
29199079
21637293
23568416
23054046
28307621
22589718
23642914
20643875
41744525
21725980
14173120
16370632
15497846
23757717
25296716
26777710
20622162
20555535
18824804
24757675
28933042
20459292
12445707
24695954
26595057
29555078
22058240
12707946
15688222
21416790
22343028
14415392
23058377
14471062
16583986
23094495
24188815
20396160
29373196
20824467
26535994
23887083
26783774
23218099
20792296
21784727
24126034
27197015
28907302
26391101
26053859
16673669
22276107
22128388
28018194
21374526
14466764
21008900
35882476
13530049
16039182
26559733
17919399
14683701
19936902
28894190
18942782
20900801
26923231
21954362
20793592
21552744
17958952
26546067
23905799
22092911
26408487
20426909
23949878
23764062
21569735
25446147
20902762
19948064
19493372
29434044
29690262
26578481
31340399
31207994
19911293
15322451
27023628
20865773
17613473
20421636
13253338
14789613
13694631
23901787
21214124
28547689
25731437
26758896
26568685
29229125
21280512
23066735
25101134
26920215
19229207
21265900
20831934
23011692
27154181
19885159
19685699
27367685
21428232
13739374
21096252
27103479
15520993
22682150
28697105
26738893
35847738
23192154
26963503
30261561
22354770
25773082
17238301
17585542
25718550
23516815
21089773
20620765
21338976
31469703
20015663
29005083
22196279
19865382
22354617
19922643
28065126
22535908
25607905
13646850
37795846
24871756
12790387
26870558
14713576
17505856
15313086
23180969
22285445
15220915
21584890
21452933
29144165
27814359
36582267
24030744
14642094
21376975
22989388
26482810
21413767
19505253
25048430
12971848
26227591
19097428
19969431
20807472
24691221
29102812
16789415
15528190
20794041
21388126
22588950
16589933
26773193
21651942
14487416
29927020
20423795
20643762
23183185
22351042
20930660
26638693
26200429
15471802
24432614
24078315
19071493
21590217
16521333
17420607
16524019
16527048
26675015
22255673
20685393
22537623
24535672
15119317
25578716
26235377
15358251
24602922
22540764
19054631
23900638
18952774
15215201
28052130
16564568
17286356
27014078
21313180
28089152
31078988
19555760
25453354
20663689
17523923
17777070
26232190
12759980
34324932
19087527
19501133
26541310
23121801
16647641
21524644
16124392
29203044
26984197
21756542
21507800
25180754
29666282
21192818
27307779
24975405
23061186
21882292
26867846
17662848
21464175
32960485
20547462
27058857
25172232
15448320
20041195
22732978
19307470
19795778
17441869
23107882
22124146
17517024
27737559
21469912
27050739
25318441
21404582
20721372
22425483
20603226
31411818
15319642
15838225
24622819
16685259
15263163
20112560
14861490
25809618
21162491
25277947
14383308
20629868
22129906
29894943
20569808
25602578
23918093
30080357
20629984
13228777
15655784
22302188
17340491
17539153
20982568
17327247
15666007
26952965
21218611
22930025
16559390
20898402
17179860
23819662
19772775
23842643
26308979
26516289
24400245
16489049
24340076
25398973
25576791
18839447
21289959
26390563
27748130
19836032
28632613
27510617
26486313
15453047
26458052
21305888
23761902
24914499
21436535
22051008
22166014
23203034
27023026
26280093
15307306
27073724
20093450
21932090
20602602
20657867
13536190
30714939
27237797
19914953
41817994
22977130
19672192
21923815
22746586
25884871
26085536
15169447
26385822
20989808
21357149
19337617
29119661
21323536
22881215
19702104
31391418
22981078
20907608
20508386
25795230
14639077
24868746
20820118
23956935
15726381
15302151
15398209
23085113
20703195
23091109
20513972
19006233
20702712
31177802
21778926
29686784
21197115
25121052
14925499
23364392
17459295
19827014
21406368
19856053
16337902
26242760
31215007
19593509
20753591
23180500
18710182
21388175
14489094
27940611
23303490
20692500
22709029
19471211
28566533
24898990
14700799
23202298
26239694
24638087
19985196
20577192
23644876
23424612
21896218
20693442
24645313
29012816
30405354
24865799
16538533
15421887
28985649
25055491
27755592
20072844
22586437
20623311
25874900
14981470
19604616
21428459
21483910
21361553
20641910
30886135
22818432
26649963
22052455
19580612
20937045
27843358
14913313
21320666
21090532
25021517
23897055
26310376
16391232
28016334
20960856
24529353
29002745
21413516
24803756
14569410
27873182
20950113
26039536
21310562
24190589
22229562
26886276
16503398
25065970
22088824
20383575
18977023
32643071
21266624
25518765
25622776
26885614
21771147
23088350
25323206
24059870
26698430
23900799
22304606
27253841
22115871
15175164
20039951
30419270
26289330
37862523
24034938
27121110
24734316
29783758
25313856
20858402
20764094
27962432
15741590
35656232
19096922
19640697
26365824
27784200
19403357
20059309
24667980
21635923
22476230
19533387
15414564
12669337
29705321
24279166
24836652
20985357
17510933
20088959
26692418
14542961
14783814
27033189
18706274
28954315
22387163
22517691
22160824
21555593
19112894
15642940
19000014
19584948
20213098
25151594
21323844
32264332
22143857
30349953
21239530
24611741
20730498
41821802
20739113
21127588
27055135
22906686
28411749
27920319
17007963
22187799
21917441
15269676
36321244
22159799
25049393
28965647
26971984
24579826
29366705
22123488
22912157
23091706
20495265
22430908
26441125
20657245
15896566
25667926
21217059
14391181
24982080
25380160
22414098
40818703
22286750
19111769
30496930
14949326
27273619
17155851
23224346
20668063
21305082
21471484
20883385
23178873
20999543
15745610
28282942
40926332
19596110
23324716
15454442
20987815
24494962
26612034
24129973
14765812
18742680
19999351
21639615
14191609
24181212
26747780
14822520
17433801
25557141
22109739
14771130
25727182
21430315
23798405
21503956
22210289
21400914
19018345
22953431
21690279
14817071
27401200
21248289
27702819
41905794
14981454
25857824
15695128
24486201
20842889
19608203
27116645
17235318
24829397
24155425
21004168
20554677
15778151
14153758
13673183
15457860
24782056
21424563
21508276
15200249
25756330
37595283
26147011
26403642
26193334
20916153
15523138
17484023
15440319
21113563
41890872
21693825
30552570
30042857
14923008
32477733
19057294
19774142
15934128
34596810
22266995
16391172
23602223
21664039
22368281
21233457
16626316
27043514
20343361
25873615
23912213
16641329
37452926
21443609
23453984
15744935
25351563
23030947
18835158
15935671
24148664
15397350
21610716
12855332
36249387
20898473
17247431
18929080
25500252
27091972
15618659
27318141
27411460
21025125
20324986
20454759
21389069
25891246
17610681
26178553
26926463
20942584
15550120
22195116
27864317
30359229
17312328
23020208
12286645
20784767
18867492
23111821
19966402
22359398
25347105
21295952
15326985
14942178
28439937
23068993
25238742
29244452
16710245
17383889
30227125
22418789
21668730
21273288
17504858
28933133
16739426
25620657
12595776
26814559
24294795
25490401
23287482
22267462
14077942
18969174
13154204
21125594
24938873
20617254
14498874
21050666
16651067
18843411
15857245
21298249
20887248
21509707
22221102
29908800
20815509
23458100
16782745
34449842
20087567
25736063
16392922
25679491
21694599
21362785
17619935
24682328
41167197
26231962
12566931
22187862
26853557
12599718
