40532352
17338233
44676130
31353377
48955094
47634380
31896512
13571428
5855798
51495259
13388246
45855960
48440619
40115797
58843256
5461599
30507339
10992821
18075123
10828242
7077315
10762423
40809116
27439968
18850829
26366638
74295637
75161479
78047250
98866383
6451272
7967034
15832425
5419207
34098881
45123997
39517925
33038755
55898274
70680283
7567013
37873785
72428095
86003139
97405692
129524866
130925180
23160099
53573958
93488221
109440922
124165530
13510383
29276877
41372852
6400789
49073706
81158406
11110628
24223637
272569
16247141
57109243
59194158
60603050
40501589
41637430
58922197
36396924
40474096
34907557
76270321
76758346
87373285
98728968
108765579
85537968
112052412
137789715
138065406
155081523
19510883
71640732
79582103
122136169
154861593
57313650
116410980
116843057
15581947
24324450
35507617
84942598
101255747
114316411
127105324
136341117
30366568
80884294
83868698
105583776
124549970
23591804
117140779
12760407
22112127
33218660
46071021
86760804
115954950
136261084
138076945
146188152
23052474
84189116
100310292
122838213
35581637
60760535
97914322
102858441
103727443
34900743
81151487
83597628
10372803
15951406
21098749
20501476
66474988
82315282
8133547
16850392
63491293
10073638
72023418
86866073
88746992
105808706
10995852
37594620
53347636
8593453
5795454
33625002
107521576
148068457
27894986
33877422
43075701
-961055
54346035
50480353
66351490
38225043
5071050
25172106
18208238
78417779
96592832
15785298
47590714
14177452
33933709
35714879
28224183
55617571
17648955
20883790
16454041
56682746
59946918
74703804
31801611
63401423
70080915
86539103
99768654
135542207
12193398
45473936
27167446
78481987
931580
21814147
16259716
8676131
33747758
2613360
19574736
43917486
46433936
31422129
47339601
50458200
63970042
80115600
35584576
10711277
35136041
69415202
78369675
12530881
35675642
43893510
49642570
50890490
82065389
20741064
24134095
63022659
21759920
23009005
29184423
50663358
6047747
10256800
30090429
48751480
64992086
8043530
18840554
12783878
43375506
34838334
35021191
76329900
117265285
129523299
147217533
155184246
22627818
80538206
72677180
81319599
92551393
19237024
24273401
32934650
56093244
56483952
80243672
19129424
44433517
35420303
13306345
40199018
25482794
45938084
61043779
69926225
20043972
30269440
64051561
75000094
34901549
56901974
69553884
77560666
103462990
111060722
121699080
19073912
35550935
33360433
59221635
26288013
36476202
59305724
22575129
52062483
60929750
81694389
33711483
35364833
58417319
26680936
29974040
44038743
79461675
79461675
44383405
49834327
57716384
45846372
29362662
6671711
12116593
62986718
64416078
66218437
8856388
26582796
58630469
11702905
13317782
21521356
58422949
28679638
42419025
35079342
15417174
44288280
77224898
96323796
24661926
95630853
6869647
32283323
33142339
13434080
29548710
72286728
10515689
43050129
45740122
53890532
13536564
12488075
59927714
62778831
6605251
32612443
59873302
74015081
119913620
122163732
41646698
19699976
46152488
48208503
80074998
108707151
120128104
17430622
50166964
65703977
111521199
119633293
122487446
14738210
77982818
87602179
89329559
116443131
122672991
110124808
118138535
123056943
127542114
158431638
108414142
121288250
134996127
9921508
12872761
31906964
57546309
68524168
71130057
77587761
12919827
70912143
83331912
7397864
14227521
38969452
75239453
101737628
104064458
113894510
139952355
20126890
30013788
19768549
21529616
10293362
22074527
49913073
51985817
3659983
31610363
13046451
13995096
28736350
18272162
40184718
35530762
15807108
75525530
17142176
26193729
32950303
47906788
22672313
56232741
60375794
71842708
93343932
11896916
55691110
115662210
15331595
26369522
18172498
32043974
55905522
75594024
80448396
82528711
203740
72057308
13675299
36188731
58094818
21324543
24954781
14032768
37568173
11863779
28959325
47176294
12875909
19192859
21604840
6950857
29846909
21602510
7569175
29273357
40573498
60069900
108126413
120067028
154348090
183755091
6435173
15971530
11276539
25038736
27105971
29156324
43185485
64775372
83477629
93614698
112087025
116775954
133076711
80904296
115242683
121463612
127522709
66386637
78448048
98933212
115237496
123914781
51416674
109506745
118848635
12267296
26230277
43067019
22372846
33143686
4982121
41206495
43342252
50851552
70507892
14518590
48460052
82951291
93597116
100902107
105165118
17648632
143692
26904015
42217971
64833200
35325646
34380259
9623150
19996430
42574287
40015752
62828178
60815334
25022643
9515694
11356305
15310823
38211700
8886589
8295917
25194151
25692993
68976991
77911681
85985659
65940419
14617979
32341916
36729995
14514651
58237582
71242339
120949672
131155530
136919211
19848190
60830707
95709673
96532211
120364684
127057011
20003066
33926258
96313905
96734409
98552909
103040362
17249816
105460658
133785825
137346269
137658159
145825219
5938615
43089159
80212790
82907740
100772561
104257089
105384673
88218303
156416468
158237146
6293538
10643097
25001535
122479820
134427072
142036156
162068914
165529975
106462691
123048225
131360057
140809120
161659039
12351507
44094348
62844334
102887726
115272144
40002968
8963828
68672588
70458919
81528223
14857798
9694326
63458510
91411996
109218676
113951139
27724621
74347164
78820736
101676790
106107722
9141648
45945988
11618358
59197416
91500757
8894812
46659371
19219914
47066290
8962666
24586128
12554716
42059815
59989445
7362316
39958274
23196660
12103243
36462398
50480900
61430773
82451661
20349473
73439992
108474565
109999458
110466724
9825198
29579577
24143697
35725065
17962869
15233801
24607307
11152883
20596110
52464724
58162715
22071385
4180862
9192474
27465860
87057009
89918619
20150455
75243117
80569193
114966272
123817937
132257826
103007147
111137209
118085850
128093639
170415481
126346007
162988826
167670162
175331658
177649250
172148307
174812235
203289850
211827278
218051546
105463957
116437504
121023480
141607066
151460259
35166681
10472446
43296769
41157970
41415004
46558186
39835003
77274840
90408931
11237724
17148485
42970719
63691082
64324725
73549709
99530586
104021110
104457258
133544230
140311978
142922140
143836298
21077149
104299964
115045730
8602011
33039078
10756696
64721160
69384915
1863737
20073669
37761063
171516
23185614
26930516
35422666
68542982
77262291
97475633
107881200
129027808
361408
26098695
17632321
20247067
34949020
59793508
60583543
25739341
37902545
57358316
94420005
19173890
32451647
39610586
5683093
12537777
20632303
4737937
57953791
25522724
31210415
7493312
11036271
48062033
81219369
87202862
97832789
9060870
62550069
95258800
96462337
113601615
30262911
36515026
15940332
15187417
38136513
51145615
14963024
24624614
67182986
10461319
19355391
67688601
92791552
97442142
19979100
27074929
32410286
47173191
16426217
33493884
33493884
25542931
34201068
46782024
5328180
9815814
8558278
56964601
27065262
15164786
31839379
23484069
111038451
139640961
141281650
142140683
38752521
30375759
47183160
61356446
78848494
82799588
83763697
50469750
5685322
23995971
44120948
15208090
34783624
32271044
29349224
40804350
43474646
17732767
21556357
60453312
23968937
26055515
32088000
41805535
63612222
75135681
95753552
38136074
82917832
87980754
20106561
3999967
28550953
32341230
25627681
6275590
6558231
40254617
54105855
13712775
7914182
26202312
27085892
62801801
4746724
71001319
101616922
20455540
31446991
44576804
31391100
56382718
59088319
25706824
66781693
9190625
-887990
52277402
70239689
79243762
92810476
125967133
37735395
73632382
109062200
129986856
139712628
145979754
26251236
49064049
20674841
48462747
63504775
73691997
14012832
88752276
105878915
120182980
129353470
18000214
46440501
7375889
38362644
47267542
17998296
44057430
55270517
6827331
25792784
29710804
60974781
73114406
82300718
19418323
48782069
77720194
100499809
111498225
23468421
15150830
28028910
41145678
45538696
6135726
29382336
70178895
70956024
108873359
100029
9668391
29729879
35584838
46761479
28168018
27287991
31807784
50073200
29359771
41584982
56668049
52307611
15045196
45290536
57782089
61157485
105468482
121502077
136052773
139942472
141085461
29436803
52608858
67979087
88483004
93759134
98891643
19452797
90709241
153626140
154472204
179010221
21389231
53864453
26917787
72497422
77730481
79164303
20350919
24748318
44638724
19557323
98167304
5779263
15201427
37284844
48019101
80772170
21355739
22981441
28264101
54718838
96336339
107399343
20435238
28375365
61370246
88668585
107764568
6163411
43694168
14050652
18603058
56694545
62559418
92059136
24606297
51424135
76916794
28074836
71572469
35218865
48554396
53954147
33940968
54233702
274201
69671899
96634790
102567015
104713213
46782506
57375454
19755969
10280284
31019462
43523879
4017593
43245683
22231078
8365710
16628942
31139007
53994525
9663392
11081352
10777286
55423738
101767349
107337284
25610840
25517420
20029364
48809439
54990190
63004584
63805384
79569437
86579113
92491652
111807152
125951983
16977377
24023277
53924743
9910107
31269806
36919432
62016357
78007436
79414706
32545525
21176290
4508624
38787653
18864718
33305784
43592277
46164589
23860314
42802485
8956938
28542540
14966241
23566233
84488758
84819130
17045407
96782704
100466558
105057835
129132990
34187996
115539503
1784578
7129302
24852849
39301099
103281749
33665875
34780810
46115895
5337658
33337324
69417564
112228567
117284405
132346064
142028931
9258729
47946482
77739584
80256599
102169541
121988628
6647191
32644652
38261135
40568440
45356903
60231388
45709673
24032865
14348526
11603458
49804932
67538724
36146919
45051229
57129904
57326071
92278662
31564904
81676801
84704688
100023290
16104510
90406207
120543566
137875602
141740479
152499189
16180004
30299672
8087660
20836457
37216555
61982274
67014855
10618598
68109624
69730895
80488120
86803595
119231496
120358692
148336362
173783830
175917119
36576929
29830917
44289173
52316194
60365619
62499568
32937673
26464549
37409733
46130200
48894804
62398181
88018664
30184364
17909116
16762402
77131655
103639421
109136642
93701
28683138
44861577
11810186
36006757
32204826
11094484
12569043
40731731
99349259
24920588
11652094
18304503
14792532
22681308
48218727
70788736
86442957
16605571
9150556
72890562
80303861
86979917
94693773
39828338
8897740
39272371
59933681
211842
24039941
26565779
101416481
112865760
121365569
137456698
147084564
33905758
9492086
50515022
72767267
83712955
100948495
102865551
120503745
15491619
64221262
97529635
24390637
44109340
73141168
109258889
112110259
9050646
26411819
31585727
54095724
69052572
9920321
21703995
36290421
22849507
79544478
88986204
103112603
118140233
122874169
144399942
156335469
161008719
163913047
170272275
109632809
117467275
145968195
170096605
174131378
91639294
141820064
10705941
28707613
137925
7507635
31232837
34015938
55009585
35379520
43047498
38835542
49936088
10781432
36273996
69579099
218986
20638275
45101481
53215062
59780853
76877103
90575435
4732698
5874825
15691996
16919185
43427472
59206317
38397664
84161769
97631590
24262854
10283005
26076116
21876517
33799876
26065000
41036843
14994022
24949361
21355622
37821024
31280313
35308082
36796112
17600679
46829468
33613824
16292161
53701681
65954442
70509035
82291509
52085155
75572764
10848035
35688694
67223117
67686711
70314740
71865780
17964793
55591936
17977275
42797098
73989106
77831792
22743233
11892214
48601777
71298749
72889161
20585460
12978324
25764346
58218600
71678861
58361139
91543984
104538521
133713027
136241499
11419006
15582015
14537997
56629931
67319157
184352
17086832
38710609
15321893
12144971
39106502
45681551
60630086
81656372
28330427
45597053
47398793
97544146
116496099
123190773
127064917
14930878
8522215
16165921
21575346
71274890
6139588
26742967
35596981
8353381
68048071
69303805
84466974
8863170
20945113
41099114
38679783
52536699
57961665
43163932
13244929
40971801
46475432
50545692
19030204
38527259
43375301
57848247
78096574
83487641
23844452
25514772
61619492
77270524
78012486
75015352
88826989
119602268
128154386
37890677
67943830
93669353
101834640
113796051
38013889
98503613
128369412
145116540
155197170
173104076
17245835
