37653203
42505930
24268813
54537531
36434773
82161908
93535477
27461537
27963130
43338899
45846383
87378652
27922400
95939008
17331945
23841115
35462334
35012498
19302443
29400215
42530710
89227577
89857245
93032453
81503575
88008218
132007961
7107370
55448918
30038067
35867010
44209173
50048233
77804409
10916321
8614927
96154182
13057154
10166177
30487096
39136665
22999721
6937167
21221826
31007338
57606516
67208128
19747324
25367500
42173666
68383711
83203181
66547677
90128541
105602741
127920734
137981651
12904591
15201007
26492446
51847684
10186111
45744489
88403760
21972810
9713788
28143857
41532877
5818501
42865569
54198277
47206787
24364396
100461741
106958867
22143657
26036403
50028589
60172229
74942675
116517702
131318101
133779782
35822852
37179789
22959721
28873632
16829551
41964797
48183165
58496381
44070698
127620635
174224017
187914356
188333023
23116311
10851265
19048182
31753094
35188239
84087214
20699451
39418785
177826286
189133044
217880338
228841217
233346824
119560365
157320860
173399639
173711361
175623724
31036110
104096816
130728539
138575787
155817833
54164891
26579484
66963485
72160965
103985036
109014984
18705365
17799392
53210204
67104132
103358201
11180464
26720455
11452965
61063570
34508560
49366398
9422109
10444077
40054607
95032636
144453702
149577046
149932224
153055022
55252338
131348748
147729799
38074220
45251868
39888307
42025158
128338816
173736574
203116257
210533795
213124319
25653666
58947800
121113038
140401647
147291124
39409707
51220990
20503048
111264776
127421999
130648938
119990404
21197708
28974692
44148819
57746107
43315243
22522042
66966176
86567451
89402449
26269789
107956185
108611746
131893751
143065973
24775722
93870722
94607289
104284996
119963205
35491125
38525530
50640391
69263359
101021552
112365309
21758626
36140349
37087745
69533946
43709470
8626458
29766600
10104147
32089866
72563782
57739561
59831355
60748424
84184400
44302802
66546796
30840646
58845262
75195662
99433576
103416136
117465231
19478391
59236941
71779008
86327370
91202609
7616564
7421152
33484400
107735605
113807607
6601545
45836929
97761577
98254888
165827170
167943920
169571960
37134686
88074551
92010646
102386979
157409193
164938950
68548375
80989389
95919397
17061277
78025
46167570
48941351
50287026
58371389
15516738
44892038
61218035
32391403
80844889
107818986
175716327
24685120
25650485
5388315
40399764
29750541
29163265
64384511
27184218
14652029
14123546
73336361
79705026
5289495
6192858
20073692
20379871
19113720
55780974
14329992
22948552
31375181
9995758
10452881
47102235
33119209
15936704
26702555
59971159
75251350
90397825
116895150
124717531
35802933
21361224
20265648
53644138
63592403
1166543
24937527
7472428
8374760
23035630
6414095
23307011
46913135
70622790
469474
15754624
54893660
71896500
86278937
95537707
118331346
5967649
39005223
76768710
93379651
97274704
103042308
28775025
38297543
21719136
47155714
48799333
21420441
17733478
53710923
10242105
48298073
58338484
33765405
55822480
15524845
30728924
21346524
37480221
19802553
16984719
34302104
63590256
65082144
67802364
102267525
16225968
28752703
73315555
82080201
84162491
93374489
44108092
41821482
70188802
95873836
105076185
113096431
12508222
29093276
8565518
38624435
7084359
66565729
106287575
83995925
88038413
48764262
83849465
86332732
141412095
141978944
156788201
19821806
26306349
171006447
211925879
220674386
224465406
230311870
51350979
61275085
63531729
16447913
67837360
83111252
102153920
75242468
87221417
104326210
52436364
69044754
126595762
153866149
168129546
13813777
45690575
73542477
16561712
21626477
7923914
9192520
25784952
41230242
99891601
45243229
85551970
91784761
93785876
98416150
15285325
88868555
112408165
130769469
157530182
161826694
47547518
55210633
13397340
23770267
37746374
37536335
52484953
31403416
21483910
38800393
7695922
38122260
45893347
26229847
47972387
84635515
5487390
13304180
9442766
25499789
107101
36880366
77963593
84254218
4965194
39439685
142018052
185736372
197219311
201958122
209262651
115849206
142096822
142989615
154334563
154492324
10922816
56652451
21291169
23420788
64352499
73200459
8266715
78410611
79656359
94987444
98909726
129252293
17553044
31074258
62006501
84076206
94026027
63776529
61974824
76870284
164504
27561477
12503957
34150616
22705329
22231734
31931500
43676536
40220837
44353394
54723721
69847151
74011537
120540298
121688662
133582184
86355910
112006042
116828688
119951357
126283745
37436436
68225555
125199251
130527634
148798195
31207949
61493442
17562859
19670203
22325864
31404783
55893831
31036308
44939255
13353018
52498476
73804527
111213
61455692
56776411
63437447
8389992
11000345
4939874
39310684
54769416
19053075
27403167
91744845
86991598
87702186
113110742
120973792
124581750
108448180
108733989
129051922
145328615
154533289
62467740
138612772
140559781
149730243
11447939
37282374
90963932
95287744
100955091
129908924
143082804
84083615
87100161
132298297
142184563
160541535
42592813
63092565
140821457
144519819
173118582
174933598
127352850
131805369
147260146
153732307
157261364
38772016
61481091
16434513
34156051
46767906
7121891
55881920
77419556
29683683
52063899
64303253
77698807
13447276
84286371
115565021
117580967
15199571
29940453
61941166
97029026
135343835
150896276
161486635
182097745
22339500
58293656
59557170
95779808
115389196
119991954
65434849
20452415
69165952
71671213
74999188
98904673
143502611
164634128
165024288
167081871
35672800
41504379
80257496
16679336
37227619
24501794
45374890
63986022
89848533
114631652
121307488
123002589
47174098
54337020
54913632
93352772
101773842
71223296
86683991
90339942
109414722
127080105
327898
35411821
64347520
64529090
72928477
87676809
159405667
164762758
176751262
181636485
183465554
83171050
89511365
113777131
118376799
120409286
131283346
165305576
171909565
178625838
182979608
16445084
85399964
110161607
125007072
22342495
29620548
50915585
15856164
51145147
73628505
111674685
97397
13700264
71809506
109964
17052587
39701748
21232409
78072009
87719457
174907721
178809855
180645236
185366468
190313436
137766602
182622263
183812386
196049792
208720648
13571103
81278455
115600235
115600235
73837378
74735637
87284669
117362044
126017693
144113567
153030079
7359948
33004313
25532121
76483904
10369590
26765369
21732243
42943506
97601035
100194749
164921601
182858902
188423421
191763624
202298941
19679632
25059164
47652991
69970134
71153556
94434640
62040822
87578644
132474359
142746057
166915693
178769428
181867318
194612872
221291988
42966116
46782317
72348783
77953513
78197405
34114456
55566313
126112747
139784208
142630189
12546643
34221435
95440553
112096326
114996840
116735947
128299167
20780361
99139930
126585804
129307324
139947507
146722657
39055268
57131897
82569600
91132443
92091235
121168638
145843835
175315413
177162769
180889908
183887688
186806673
57315389
90235066
122464897
96989
35414703
42201898
37578269
44420490
75480659
115803979
116958828
134041567
147069393
138748778
152173827
175046643
205187172
218482652
115863770
171162270
185708258
187372403
190787459
38439765
11939682
74897327
84234315
107298613
134869021
85763651
102176945
119901195
131534613
132891678
66681116
78080702
84259849
137015912
149234258
152434440
162965438
18882793
160642587
175005455
189951710
191094001
195368698
77168089
147486803
159754087
162453973
172219841
24813598
109037687
122790993
128939157
146682965
6935202
33349756
127675648
128206021
48602983
54255346
37057453
30051821
98644524
109915601
110196249
38990609
37354141
102478229
123345184
12229679
21804812
42092684
67281515
120702857
129006795
16384770
22813581
24167596
32327732
39459462
40667028
11899973
27310414
10915003
71443269
95298874
95919312
18475537
44245375
77849903
72516587
120376223
19579216
22491089
32430104
46424702
24322685
43597968
70725847
80432960
82429988
97543298
107338436
119507165
136840670
142318037
152606684
32287775
39024464
114212617
116041303
8395857
48603886
65096949
45241726
65425914
85209835
35926706
-199775
23873545
38564883
67865523
79639004
92753776
22716377
78827000
29668149
55529090
56574593
87995440
129457581
178557353
184418487
190292738
199430612
43601807
25345245
37294823
44960049
70017961
81297963
98957370
32640129
135345750
143717530
147943139
153812900
25518230
57290096
24831618
26055360
47807554
49724437
28743537
30719634
60498974
23177756
4576891
17990894
23693521
68845658
98157343
91727630
98790235
181493736
190710231
193036664
207832128
210703879
33279475
79380617
86657697
90835429
133354713
133512569
94459372
144194804
150767264
153705636
159909145
15291130
143035218
146011949
157436925
171145241
185102524
38215115
37563100
46002282
1393105
69805199
86347522
25656561
34142058
48899537
38967510
40928976
30902898
63532479
74005900
85111637
36086556
50699425
52435962
53761428
75804657
80057203
28148270
78574880
105775505
109408278
121224505
130491591
91549221
108199684
159240410
160209057
170018202
75889003
90465738
119054788
121927873
136152183
44607803
24699753
33888700
63326689
93731839
102084374
110563920
15829853
20561266
27750608
43304401
80695234
82768623
56784492
137736797
140077334
255288
15953406
6410503
35746454
30902529
83420890
100679342
115174278
115437440
150095675
150801182
175993005
187721263
195182148
198577291
213628340
219398034
224825325
225079438
121736168
125054058
157182102
162759766
164390368
67152136
71840020
93841519
97948165
99399702
31467337
24537704
29799191
33359250
38738746
38919753
28565996
16468152
53104866
68207929
104945964
131289549
18658225
32875687
30999392
57355077
38478962
51215462
53301737
78839495
126318024
163477554
164869590
201015062
201197840
26370845
72544113
144428030
151553408
166278849
178806688
28322324
15286618
60140432
79818932
80333307
32544636
37042696
19814073
78662049
11289728
11822413
70716988
76070792
81837320
17852225
84705440
109330969
121459775
147076594
151220596
67075647
25154186
67679591
109586510
170350585
17063013
124724714
158439763
267484005
273467210
287580323
337187804
339769747
376092586
376536604
23462075
23488319
14762505
45767668
18979625
82992515
94670209
110895944
26609206
35435375
42666954
57556448
100859307
102706487
104226794
133288438
71178072
122400657
146802973
155779203
7864830
48575688
29825253
22543702
68614424
82674050
103574362
114319981
97202679
102505183
141138753
147336421
149540389
133229585
164615997
170123617
172770678
182968399
180828613
193892759
210406224
210628231
210850303
172960823
173414888
178864360
193014488
205619068
26786570
131406138
26854339
27765897
45222826
63554533
187501841
191095868
193997766
207792603
219085916
26394613
109683323
112528198
143858260
150348261
65735363
42357455
69123693
90722447
95378548
100677259
34011483
42266596
120332997
5770962
10728578
32569476
40146517
150122896
160105583
163704306
163925712
172763291
23724425
93815565
123241839
153595008
154244855
154344831
21309941
103995734
147611757
183535415
189807064
5793959
28562530
13582564
73609105
95247641
115701106
120052005
72277745
75484919
12437057
24766246
75343227
284859
51145885
73293156
79940100
17686926
32030447
37552755
28593436
73939081
92183961
105261761
116627038
96956527
24653001
61876645
63319328
78331017
41616387
152942469
178297051
24516979
10165911
14431659
25227481
9329139
32172944
47613112
50465791
16478656
59649967
10145275
16596205
17898398
27687762
52644990
57292124
92695715
119504979
124260233
133492014
25807402
47686250
108895066
123571544
149249374
20615693
30005105
113457052
115468204
122833223
159845472
160786035
143661373
156630214
157354290
159878329
178625484
25158455
70466894
109582886
128992518
138164656
138739799
107404123
152117310
157105707
159470769
170653256
33636366
66663936
106786659
154568779
159652183
6726962
36202523
37859823
23097226
10687136
35243732
69802814
74534970
79037332
22036510
41777987
70560069
78048727
88510924
98056219
29439593
70122817
80829208
169012795
206958470
215043436
216324527
229241533
118894224
123701680
124012927
144171870
148311645
35075847
33121219
107469518
110692440
153990897
184442026
185533168
15110031
20752206
128465607
184199846
202799681
203462425
208162293
9958841
77185158
86871804
97647792
63984603
70991195
9395184
34544952
40077724
80218106
87925674
20106626
17651886
13072026
132466572
8148358
13398443
31795455
38624244
73135008
138314994
153144304
171206227
179257123
35818805
28139229
