24766985
22976070
22154159
3297542
27755700
11228810
20887102
31639658
21957374
30997168
38069941
43929394
20648870
44459511
48976499
5943972
9568405
28933262
9378234
10316554
31309349
13631609
24398820
20980143
6089426
26545178
6161288
11561020
35426142
38774604
6853774
10380097
20902892
31682853
4965401
16570922
9862501
27770638
28982926
30793616
12069851
28658235
37930901
19981186
36583215
17651724
28200264
30499171
12777230
30451909
29718346
55603528
62545182
17918330
33011087
14920058
17925479
44549220
4136877
30726239
33662185
14650038
35610083
41283771
20664288
32412766
26073325
4273836
19956453
36005634
6970598
11901192
37835819
40778501
13564685
37806184
39481216
27309830
22001915
3847815
24121331
37079703
25713356
49109749
67248848
84924733
85504790
19523953
20881587
15892748
31923763
22466003
12955247
6955702
23348247
19028903
21328433
52696
17459935
5387931
39599416
44709404
11205980
22640429
5347546
20626175
7701602
20799411
7081021
22725033
28673819
25900865
20782545
24411459
3531420
6448199
9469908
11062939
15686619
41685891
9271488
10654889
22234613
4353976
18866855
24252681
26271039
37875061
20940479
7832209
12263530
20017446
24007573
40511804
24293910
12511998
24595835
28155142
41266173
27565593
15334471
32811450
23053294
6243323
21546436
33783206
15055137
37505724
26874014
31283823
19705047
51417504
8473025
30135880
42082257
14985646
19512303
20285406
38588301
40915934
29388105
7268049
22851951
31435593
7106937
18375205
27131345
14048834
33479289
34910788
35633016
43731734
19899683
30911264
35639027
43818983
47380804
51664426
14443606
16212861
32761120
19340690
28303868
5928283
15530900
14048217
5293721
22224220
28746995
31086219
16057769
22240001
11036152
10720749
17633250
31589819
46992562
13876767
17175432
40348711
43681519
52293846
31130319
22055916
26136766
27884851
43439012
51955020
10322107
50916049
56957248
58279393
24720767
9490947
8370377
12218914
35764165
44704402
5724080
42992096
48838664
53401812
56045624
13858254
13865447
46775566
29037123
37710662
13892955
5861824
20209447
30716444
43779363
50702169
5858486
8330602
14611447
29224425
12960903
30217547
9441314
37129445
38924920
33509425
37220895
16517755
28816071
11061928
17500067
35833817
8627874
21253926
29992891
32153173
4595604
32107513
35537025
5686417
7220761
9426250
15408948
23119060
32270531
18680456
7913566
7390253
9268084
22515442
26893285
23758290
23423621
18919845
21768393
31232100
14164186
33908537
13194310
8733543
42760591
45641573
50362893
61027222
45096266
53650267
55469632
59750441
22072255
32581689
40897851
47315497
27226139
25227549
4460060
23211779
5650453
15330514
3838010
23821558
46027787
54531427
3797602
26503264
18712817
5877341
8303819
14636647
15029584
16650611
19002329
32477206
25335234
19259904
22108233
26248528
22146151
14086430
22051687
8492999
19362131
22285668
36076496
36397367
10119897
19032758
36514326
58084533
1796057
29642836
26081102
8143165
27867947
32880045
37646943
44240784
13816549
6031697
33826130
43591614
45918383
27561720
29253092
31313424
42914869
46358447
15173013
29567181
43189298
44661172
49176456
37863190
14141228
6217186
9365676
36581126
6724620
39636418
43479168
45710169
5842615
22140591
30709461
28084930
9831910
22980632
20585378
21475496
29006298
34943480
51391243
59845465
7966371
21085230
47693872
48155609
50862980
21244589
21083073
14259778
22936829
6179105
13179434
26347251
5911929
25792021
29730782
20458307
20665444
29037083
18160437
27969103
33467196
20579943
24719977
19999076
29027445
31112925
9229596
23296428
14358636
13901841
8363572
27910331
21984052
25467659
46826808
23144014
26380315
31032153
33003111
11968973
28304612
56384833
77359570
77837602
80242607
83501878
50916748
52141094
61629750
70914875
73202110
19650479
58106631
59481523
7192018
19321246
28510122
41714010
43181104
44257423
56802059
59387000
61085336
69739611
80361178
81932654
49417671
52055970
56974205
14691595
13204436
14860512
23997286
27832795
28220143
20730707
14950245
20986705
16118875
13803081
16300271
25080984
5161865
27347123
10380609
18943636
16542664
23616193
26976548
29364585
16667035
20246729
20486026
6420432
21450715
23416534
7614250
8911900
17573158
28724100
29190508
42917073
13882855
7649194
29542187
33197252
41011234
45266221
23206708
25629946
21510013
33806500
34642885
40115714
6187946
14377279
58395983
59083483
61104274
34201829
25862628
20165878
32112445
35644916
41836541
28724555
30264271
33278259
16585617
17359105
21076002
34985996
26706005
22625279
21436405
24155386
33479579
28404008
31219351
22639827
6033288
52161371
54184053
6107252
9684003
22451557
25798426
23403355
20330759
19531873
28557164
19539809
22824776
15120911
13433488
32470955
6539941
26731156
40086064
17225581
24525608
39726945
41420510
28853690
36239223
23214762
35107799
38430458
44146248
59354462
22960122
45992097
67413614
79018222
79349136
23786397
42079734
59962780
65081624
67354446
20178023
31919753
47022245
36299176
14825022
20218891
26974839
34098945
6618621
27902286
49380851
51608596
58712592
28274313
20023577
11962382
31354862
21670390
9565543
16743209
20708648
36351089
44859303
46050844
15464238
18211636
13682527
15197196
46855047
7527689
24273261
42565716
42967680
26044978
24075542
6408773
10228143
13874384
39109384
41900060
23680263
24627212
38160732
42745387
24818812
22286154
41520613
42141123
14178961
16953528
3866253
18046004
31431563
31783918
26508242
48192629
14662168
21564647
34755959
37428823
20944332
17763390
31654472
33076499
40171347
43754284
32976272
68540284
79965716
81663007
83809671
24522330
26859979
27323791
29146082
32391721
42623905
74233689
80811961
105695811
106027079
107993748
38983018
49943784
52223596
64750350
68743671
17693053
33719946
36403884
39858436
40182050
23529217
21315637
28760408
39297843
14565255
37526195
43446061
52801853
29973017
22966961
41389119
5895176
9443986
12022887
29753173
21843316
38228956
40674467
47109330
22354412
9318065
23237317
26158854
26524451
15264910
10094717
30766706
8191021
8167946
14385173
19416757
20287932
11749826
16558874
24153664
7440008
8123390
14964481
11605712
15980067
39824679
4502229
33441400
8371707
13112561
31052139
36746650
40267469
44360843
19918903
23753501
53653798
20830416
22631511
27544796
33156043
17000175
14968985
9157425
31770332
38208126
20666255
20626158
5935955
25369659
40118524
41203048
53191030
21566068
28251555
48402927
52805836
53172931
16286250
34089027
35836445
5572689
8571102
17001201
9948307
9299083
15095116
20110549
33638761
43329703
55001256
56243038
65671094
14752246
46178532
48190337
4462520
6517297
30572180
14987000
31018718
9329740
16746396
35848816
24121898
17070148
38687042
39177082
39797682
16742199
11355219
20554136
31094077
38784945
7754617
31302919
37061333
16276764
5806113
11901568
25961491
36810466
21895020
46695685
5786462
11454448
25996286
41720173
16412430
12841343
7508334
19780159
26477360
46488678
6512226
25253535
24713843
34563784
36110175
20381266
21211886
26961070
46658175
70707263
75862352
77048579
5265083
22452309
15279732
44512408
45594032
26104144
20709222
34434122
24264240
26475480
22293024
40184244
43167134
47139060
22030814
26073295
19249680
28175939
20773232
22497032
15350225
9599887
28227800
19268972
8171088
19594018
5716181
34557119
38152569
22137567
46137822
72748975
9288729
11627696
29578490
20004670
28758739
30271997
51676860
52547986
54283038
18945708
28170196
29284690
39460838
40225912
34267149
39270009
45112265
57471823
57689588
16148159
32562970
51162971
72015034
72622911
9706744
7609786
22121513
35254252
42381124
17271963
16824046
6254198
20063619
15585112
17917129
28301196
25226174
33571796
38788864
4136726
6308644
46431025
48277908
6602485
7530823
25668891
16321561
5498388
19800928
6810029
32493079
35072709
20163613
27369212
37803303
63687498
68707610
26912947
22094991
25579733
36519781
24275838
20874719
28593035
42186759
50800236
56901175
32450798
43107580
50750306
61955880
65865299
22171350
57854636
77587364
80940550
85296858
89799010
57314465
86817275
88124320
90392741
91484196
53685429
13881642
23230867
34342376
47326489
78661204
80074332
84992699
87464467
98363481
32791953
33652508
52377117
41082492
43015198
32485961
35831357
46762301
60838953
62224227
67719210
78406309
85947775
7665651
13381015
41500358
42533971
9039722
8235055
28309790
33213059
20525582
29255022
85792595
95747160
98362995
101267322
111783827
79612929
92252582
99550065
104672351
108354613
86767114
90582225
91617751
92497948
94965124
67640041
74901132
84045686
96936671
97951348
53957453
57289598
79484087
83592330
86881115
59631126
69274480
70558630
39078488
44885293
76006917
3650126
26495352
36321117
46300322
29170082
45887139
47361758
25402994
8343748
14131274
23479995
14506259
25778220
13064297
21855641
15842717
14498924
23122403
31975796
20756881
20947104
20334168
30275367
25069654
33005407
22284020
13372789
36864501
44775181
54471560
55714166
8266803
55332053
62627303
56597
54721
31735868
64022294
72247687
31950608
47961122
23452554
47063934
44005490
67978257
39392886
63933568
15927637
47921040
58720
15058414
39799754
33368769
42839265
23865140
39936085
7699351
22740997
28551280
31380013
57169436
60713454
24769630
12224638
26631633
20565651
28090274
34431279
27966159
35182372
19603147
29961228
70088148
77554422
89034926
26862762
25934117
31632752
46190371
48637443
49535432
26897230
20677384
44591886
52819278
14172032
31513554
27439850
17545907
19453015
9156120
11703945
26786495
5331950
13582126
5923385
42503359
48458763
5211819
20901118
25200835
7983449
30289090
22643622
24213191
12265458
9295040
22880182
24170934
34422819
13713358
26259512
11996950
19173216
36977562
5952724
8235613
21907801
30273140
24384414
14063176
14209229
24985459
36489570
14381838
5706799
38537451
50377331
55612821
76896229
27598413
32160386
33346529
55926020
57309544
61534863
15262466
12516543
20933961
44109260
24619627
13378282
8546069
17141169
27874126
50109356
51103758
4915261
23432354
24244686
28265394
43009035
20419360
13576210
17796432
16344199
28152040
55159336
63622345
18457994
8477297
6632205
31174429
32105562
41400501
20551718
30299669
26373117
31340601
41679416
48302674
15237569
6666082
43604501
53362936
57781307
65467045
20810372
23735205
10854032
13589988
18429178
29898916
38755405
24198267
67959854
74071555
75261826
13713981
19389533
28684442
34076892
45276789
58622591
60989780
20774086
26668338
38092081
39724071
6647516
23325105
14174775
28403535
48172599
4702481
21245621
52603927
7226148
24329100
37804049
20981398
31603086
38454465
46590646
51200175
53113818
24079680
12825145
32000248
34540848
3495922
14409956
15287653
21202342
23529480
29174955
36354868
48866571
37894412
10384788
9437503
41241848
42049463
7013627
19262343
15436807
32621846
25291419
51459052
63713919
72445784
12604986
27193143
41656644
60311884
61413044
14015120
17645299
28933310
37923957
44293848
22520247
20990904
38517340
6523163
19302767
10722627
30827998
19706868
35808052
38030953
45817589
28708029
25375464
9988566
22429697
47920254
51048981
25098047
17122759
14537667
20107977
32113553
20304178
18621928
17852875
33684237
37138068
14943711
29890727
33239698
19985573
27726200
11484308
15864160
29382404
55020772
59030627
20803705
23764842
5544054
33840176
44958387
47580235
21724527
22897428
50313703
64886164
66158335
20288381
50962453
13472832
14390917
15545878
23273897
19768923
62891501
66424338
67682135
77597890
17326980
38540917
40702076
42096827
55992794
56886175
37005934
71710486
73614439
81719021
84467785
8044633
4053653
18365516
40414274
48670455
24659441
36740477
41783501
42913240
14229107
23648855
6831123
9467401
13835455
16648220
31382284
20796104
19327853
6853577
24116020
4565560
17083230
5767959
16124737
25892650
24625126
36313896
56244141
58187143
59767269
22054840
11403014
21340927
38449637
45702634
29092614
5310471
26613870
