38624627
43460973
25072565
55342640
37238165
82995993
94317541
28236417
28778915
44056124
46520039
88064911
30915424
98872502
39557266
46050845
57684216
35789312
19870366
30132757
43301536
89945292
90564213
93739313
82132280
88667546
132619847
7857421
56203943
30750603
36623644
44967525
50775691
78513300
11496383
9456427
323429
13729924
10758843
31116597
39756257
23647443
7672453
28040171
37802450
58412459
67894020
31657359
37254789
54066969
80292999
95099913
67132196
90849583
106182599
128497083
138546833
13620426
15885563
27242039
52555718
11699324
46627056
89140321
25055493
10399859
28833121
42347246
6446833
43498581
54815801
50990575
25124233
101213978
107815621
22793837
26662975
50670914
60963318
75686561
117165110
131951526
134389347
36588552
37862321
23579679
29621528
17521493
42654580
48852373
59165240
44956763
128514809
175110985
188777667
189192709
23781527
11579428
19746564
32452587
35933850
84811200
360568
40143961
178970560
190260356
219022293
229963798
234464531
124074736
161834530
177920414
178196603
180109481
32687703
105818629
132396335
140202653
157444437
54943231
29665973
67702275
72849568
104635979
109676768
19461515
18342415
53744815
67709520
177374
11811083
27462237
12011801
61708222
35153835
49935415
10183849
11137794
40751736
95669036
145023789
150122384
150475718
153600290
56108927
132261267
148557550
62804935
70009840
40545957
42652642
133263049
174895666
204231573
211650026
214238780
26426430
59690802
121845687
141158626
147999491
40045327
52065413
21148578
116896330
133029838
136251662
161251368
21783591
29591181
44742190
58337891
44056150
23033014
67473018
87116043
89925443
29705246
112356686
112970457
136240688
147413183
25558102
94634300
95325768
104976177
120675897
41443543
39235713
51213044
69824529
101575136
112955970
22601427
36708296
37634037
70140903
44511427
9201994
30545430
10714216
32687328
73174966
58226331
60296772
61211616
84649344
44851860
417981
31535943
59532694
75781322
100092317
104001170
118049545
20002294
59800824
72310191
86861291
91827179
8252099
7924142
34051543
108291589
114290440
13242110
52448989
98462942
98827083
166381138
168471407
170099246
38014576
88827958
92780995
103035521
158075929
165587582
69110348
81528391
96457765
17698030
651242
46807285
49590998
50900321
61321401
16116336
45487155
61799465
33227669
84309640
111279572
179221331
33379947
34323395
6127654
41089796
30357089
29706054
64923594
27617842
15415321
14820157
74027582
80396528
5945905
6832695
22834404
21112752
22825802
59493717
15123528
23603677
32048380
10784818
11125835
47592306
33805184
28161006
27556820
60611445
75832888
90987443
117526617
125306675
36434562
49301222
20951076
54317869
4075562
7874906
31699507
8177083
8978238
23735316
7018785
23959316
47517014
71213908
1249376
16292757
55576251
72553365
87078611
96191810
119029057
6658971
39674211
77496059
94025701
97917928
103716110
30994735
288745
22342414
47813375
49406139
22012689
18267538
54240068
10777467
48901234
58873142
34315284
56409088
16110825
31286188
21933971
14404791
35346324
17492221
35058771
64321425
65863633
68558793
103006446
16935910
29352755
73932549
82724052
84741706
93984551
44684787
42454374
70804506
96535770
105696220
113705324
13006996
29831564
9344911
39390863
7918877
67343227
107066536
84561235
88652316
49345984
84317676
86807446
142322730
142861832
157671204
20512564
26949208
172034672
212920639
221618691
225407577
231264442
52599546
62383180
64070832
32793423
84184462
99450326
118543606
100894432
113048964
129960361
53162684
69729049
127604649
154906409
169124021
14322330
46211682
74555329
17317556
22330499
8485044
9752135
26330376
41756800
100442312
46017734
86312406
92499382
94490035
99117718
16220398
89614644
113074359
131467768
158189442
162456986
48168545
55875235
14035258
24292619
38249534
38271227
53202280
32147423
22235032
39469281
8332046
38820755
46578902
26955975
48758208
85356926
6125712
13924577
10032508
26167544
864517
37643211
78729242
85003585
15151073
49598836
143025046
186682556
198140795
202876457
210184306
116517213
142763714
143628128
154974363
155128651
11672659
74082964
21947551
24106513
65071558
73953179
8987742
79061879
80278749
95690514
99586199
129892155
18144630
31656494
62811774
84795566
94741089
68662456
62751269
77705536
867405
28266373
13278973
34984490
23476164
22888500
32554097
44332661
40786215
44947118
55272449
70586497
74567616
121123742
122244866
134198881
87089648
112765078
117473982
120594095
126926756
39551369
68847072
125781537
131076579
15733241
47309097
67996657
34118078
36202519
22927067
31994183
56439886
31661912
45560375
14039475
53131100
7156878
9820034
71186624
57382373
64068574
24212621
11652401
5519628
39882806
13201015
19847427
28109399
92473748
87623653
88303906
113718218
121588479
125182858
109046035
109359903
129628011
145941120
155105334
62991936
139133703
141069375
7708287
23993241
49781389
91467292
95835516
101429653
130409042
143556875
85828313
88768774
133985597
143855758
162266068
43207966
63767151
141555846
145172809
173852743
175586303
128036702
132404447
147857813
154327507
157855029
39665453
66640535
17135568
34844614
47455361
7714307
56553302
78158151
30406462
52722754
64943206
78338053
14052086
87523130
118671488
120718295
15892041
30700233
62744640
128122758
166362741
181896538
192484687
213097818
23154347
58959451
60245154
96474696
116018914
120617665
66017282
21213823
69878123
72360590
75739223
99492912
144003440
165136541
165497278
167554881
36303304
42110976
80933102
17415149
37905071
25114218
46030964
64759946
90590396
115318100
121986819
123681865
47792481
54935408
55443244
94116208
102561012
72085365
87415077
91066794
110142272
127826371
913372
36268280
65138831
65310936
73711571
88462494
160026587
165351177
177341918
182224982
184052328
83980586
90234977
114511944
119098267
121130104
131983590
165940585
172532747
179249194
183607603
17083484
86395982
111082602
125916783
22979012
30252272
51548393
16394985
51684540
74301551
112216838
1940633
14565433
80548587
16256573
33150049
55798746
21747312
78593404
88267669
175506912
179311589
181143903
185864744
190810690
138856537
183699146
184929731
197113565
209781217
14344732
81964779
116189005
116189005
74377110
75251710
87802023
117858428
126507747
144602600
153581676
7966453
33615275
26279977
77231802
11103089
27501502
22408483
43642077
98463927
101017281
169735850
187619544
193186462
196564209
207053720
20263708
25802462
48378873
70694024
71875142
95156272
62624943
88076669
132986297
143236137
183042992
194621106
197813901
210535814
237183686
43706505
47499083
73080544
78666677
78907624
39152100
56490434
126956430
140600492
143456730
13232976
34904457
96065367
112784519
115596386
117334943
128906927
21642338
99692616
127119341
129892727
140497629
147277363
39630377
57722022
83046195
91647106
92555024
121634444
146297820
176024372
177737945
181477568
184496958
187422285
57873929
90776930
123073217
7147416
42431890
49246398
38260321
45084243
106067764
146305068
147461532
164533812
177616907
140794983
154121949
176951051
207105008
220395325
139853768
194968802
209500268
211176552
214590906
39270838
12445947
75638641
84959935
107964038
135561896
86501594
102889954
120613899
132246734
133613787
67458391
78776916
84826575
137615747
149777598
152976733
163510915
19544000
161384017
175706030
190651691
191793286
196066903
77707656
147983738
160230036
162923691
172690289
25400896
109603962
123319907
129466433
147211006
7476375
33778319
128103495
128616027
49259528
54900003
37801978
32657752
101108945
112415556
112640003
39717860
38023837
103125347
123988928
12807584
22377471
42664251
67761124
121167861
129460176
16928406
23354890
24719818
32874649
40156108
41280703
12550537
28002971
11440975
72170350
95807882
96426659
19140755
44894194
78547442
73348367
121143713
20192780
23131269
33033502
47027017
28480025
44299383
71416855
81116837
83111161
98225969
107843168
119990511
137334480
142851451
153108730
33062850
39780989
115034437
116797024
9031812
49318610
177238
357220
88573367
108336503
36600825
630151
24617648
39293820
68595699
80367073
93496021
23342179
79473284
30506490
56364619
57392434
88815072
138780009
187819204
193667734
199541131
208679201
44284656
30107198
37876973
45523157
70582228
81871900
99529801
33422135
135997961
144296384
148514028
154382632
26174515
57905131
25504193
26841259
48474870
50380118
29294843
31258704
61035166
23763638
5193197
18591841
24292377
69648657
98765426
92433169
99478461
182316173
191503840
193750605
208547312
211448739
36006497
79949881
87299482
91433346
133906127
134059001
95419475
145086958
151626875
154535968
160770874
16005131
143485460
146499749
157900944
171571454
185529353
38887336
38178553
46565940
16241556
84660785
101182467
26343569
34676203
49428024
39536255
47604589
31632507
64255943
74721659
85830000
36925440
51549842
53310086
54618378
76640443
80886143
28910899
79492393
106563892
110183427
121997263
131273465
92212684
108770209
159821465
160778758
170598474
76448711
91048520
119601618
122456135
136683596
45346153
25214828
34705352
63995692
94583884
102748664
111217550
16310814
21336910
28446242
44039329
81392388
83462532
57291639
138298468
140579548
1014573
16719360
7086271
36451760
31404416
83902999
101105100
115631919
115860397
151262775
151943809
177197869
188898084
196324824
199745361
214709102
220463978
225890016
226154682
122527533
125876409
157974230
163535519
165154662
67903294
72527290
94511444
98592996
100041410
32178022
25707495
34224754
34224754
39559132
39735283
29154249
17103838
53771878
68856281
105595305
299768
19333207
33407275
31628941
58015846
39146513
51909307
53946344
79485757
127479764
164456527
165800659
201960926
202126224
27020937
73217347
145050905
152157980
166885204
537995
29316159
17286699
98973023
118461997
118943606
33130421
37615435
20432889
79797783
12034040
12549183
71466880
76798991
82564697
18579168
85357471
109969160
122080294
147701852
151838670
69938364
25928001
68458609
110362745
416441
20629695
125305222
159001078
268055747
274023770
288125697
359211361
361719674
398040934
145928
27022720
24057177
15256246
46334086
19619256
83639704
95281708
111510938
27200839
36059122
43456733
58078507
101375026
103211706
104731969
133801802
71791592
123048488
147394779
156369520
11516316
52236001
30779015
23109056
69223322
83226665
104125963
9064962
97720871
103044248
141636303
147827411
150031504
133821850
165160438
170646252
173280957
183478936
181304475
194391718
210862619
211079612
211301138
195376872
195805169
201254600
215407045
228021383
27504381
132544663
30003630
30902204
48363089
66780608
189285558
192827612
195702357
209498730
220818788
27032867
113221506
116223581
147387816
153848707
66329193
42873022
69614066
91221306
95911453
101161653
34676169
42904926
120889373
6343647
11359396
33144178
40727228
150551325
160529867
164108085
164328785
173217035
24301034
94399551
123760924
154126313
154855500
154855500
22029037
104658704
148303369
184180765
190456229
6380948
29149352
14140078
74173889
95788631
116207383
120556320
72929382
76043804
13058720
25386687
76044408
950950
51602071
73740784
80419938
18363557
32583801
-155779
33054569
74492270
92773395
105813572
117189009
97738521
37453948
74630946
76057911
91070381
-608414
155872520
181209352
25073221
10609774
15059857
25777530
9943550
32780678
48218957
51120944
17128267
60297555
10842892
17274358
18574402
28282075
53185718
57984568
93374817
120183973
124948591
134164065
26483411
48184047
109551908
124203385
149893435
21318812
30703841
113945714
116067327
123325395
160403357
161249955
150280236
163270798
163975757
166472808
185220707
25770671
71093748
110231397
129579826
138751694
139324452
107853933
152568672
157531772
159952124
171078954
34423997
67367362
107535482
155257840
160332637
7399395
36890511
38446897
23778494
11347650
35940655
70457468
75179416
79721950
22753433
42484789
71160739
78703452
89104964
98716858
30280963
70905547
81584742
170225509
208072785
216153861
217465868
230348100
119492716
124225559
124505922
144665908
148805394
35808484
33757695
108235831
111432036
154738309
185189667
186338526
15677804
21303308
129339109
185158545
203653163
204322550
209010715
10498835
78200272
87742640
243291
68318790
75365348
10121790
35147076
40640875
80785272
88546142
20798935
18275587
13551131
318658
8868787
14104868
32501192
39378205
73974922
139116597
153907069
172069602
180018189
36475190
32904877
