41533159
18169940
45224253
31985800
49703640
48206816
32577860
14098106
6460662
52039696
14004951
46391192
48957788
40685984
59394423
6065031
31150861
11579638
18764519
11400412
7616806
11292085
41400975
36151795
19392124
27046542
74918175
75849891
78662627
99478785
547084
8792849
16533164
18091950
46722422
58128654
40078767
33606747
56514604
71266786
8101646
38405290
73235676
86530311
97932816
130117209
131454380
23740284
54199782
94156118
110052680
124776630
16214457
9257184
53483011
7143550
49808822
81892834
11684263
24778250
14252873
30275069
57793267
59902717
61260773
44484571
45605113
62955987
45058417
49111545
35449115
76960113
77422558
88038583
99834469
109456224
86108339
113400902
138380265
138607902
157158782
20180466
72212230
80446483
122638375
155356123
57878282
117019091
117382715
16104288
24843166
36023885
85538926
101828787
114878710
127723098
136901557
31912517
82255000
84862795
106179911
125146092
24388500
120367212
13420402
22756143
33854907
46710179
87641004
116811537
137159389
138932080
147043760
23747680
85175826
100816516
123352379
36263667
61364084
98527203
103456787
104323849
35505152
81717619
84090485
11082074
16700828
25261249
21031019
67005038
82965706
10883983
19599262
66252435
10692589
72609387
87378351
89258461
106321167
11614590
38316437
53856930
9080650
6406421
34272647
108189131
148712008
29710689
35654144
44825752
709533
55064432
51153639
12698454
52906826
5707660
25819596
18754325
79115689
97356887
16351383
48167462
14644828
34550188
36399449
28707552
56099195
18212000
21529230
17030353
57233599
60569321
75258608
33243689
64099322
70746343
87323247
100387471
136207159
12781775
244287
27747802
79067345
1670060
22558701
17455536
9410136
34295404
3114347
20158417
44418792
46997094
32177872
48123256
51226970
65677431
80858194
36094589
12482146
35700653
70013329
78920692
13104901
36277299
44476153
50234820
51471186
82648002
21315908
25677650
64486767
32573671
33813742
29719244
51168401
6760362
10790039
30629780
49289742
65517385
9822969
19403143
13420700
44100231
35359617
35533464
77398486
117802337
130038618
147733918
155699448
23840632
82120021
78180681
81851037
93056714
19836203
24959792
34089322
56789144
57174092
80934648
19649171
44901918
36094666
13958084
40855531
26217105
46565280
61671648
70550657
23881519
34137523
67872712
78817210
35485882
57527698
70120697
78126478
104015762
112519352
122203858
19765380
36940604
37846382
63701314
27733507
37721256
59808335
23248392
52632093
61481086
143954
34274690
35931564
58997149
27191729
30479800
44581960
80342169
80672972
45056919
50498913
58422208
279071
29898825
7319594
12796941
63657265
65134717
66850187
9364727
27089314
59267830
12366704
13964927
22169074
58990552
29163750
42898943
35570289
36151145
65011195
97999382
117047097
25735024
96160366
17056803
42248056
43105096
14026746
30191368
73098510
11962931
43554915
46232129
54597772
14213638
12977882
60435463
63264648
7213675
33163186
60423090
74600908
120427173
122661237
42197424
20220646
47036436
48910696
80809553
109410913
120841316
18085754
51083923
66291197
112008145
120105624
123000947
15376212
78653570
88161838
89839319
116921053
123158329
110633449
118678398
123543315
128035928
158916231
109174142
121793211
135496860
10449162
13388279
32947291
58124100
69099163
71736589
78201585
13378507
71853015
83863030
8050314
14825729
39633251
75880062
102976167
104628256
114459446
140518768
20752434
30577587
20315500
22007181
12946416
22824057
50505499
178450
4269662
32216934
13654349
14586489
29225019
18848069
40756527
36940160
16618334
76123471
17809578
26843984
33654854
48556687
23471198
56860147
61154918
72459043
93933948
12913355
56385849
116339771
16011210
26965051
18667124
32646766
56524390
76209689
81055019
84066437
721455
72685909
14234236
36746522
58648301
21816542
25500897
14736816
38235209
12492847
29581947
47796199
13504249
19780975
25817170
17809942
40613894
22156518
8072021
29813338
41162005
60748930
108858003
120750818
155049479
184429514
6955561
20461433
11931798
25614175
27664785
29715197
43814335
65376489
84077007
94231504
112601644
118325023
135021137
81442377
115754632
122008198
128056439
66904557
79178278
99428510
115732429
124449820
51875048
109956304
120289393
12940409
26910291
44490997
22945678
33757600
5814022
41975434
44198219
51640821
71277884
15176858
49013641
83453929
94089125
105136857
106424576
18235274
863060
28020165
42932366
65495297
36067550
34998487
10899610
25458887
43113482
41066924
63871261
73457135
25507581
10137003
12017533
15963933
38865079
9357270
10604973
25814148
26299029
69587809
78954103
86592417
66434481
15226822
33000470
37335853
15241020
58835085
71770166
121482747
131689398
137446810
20528505
61568608
96491992
97248613
121082399
127786241
20590577
34500565
96870995
97198752
99048095
103504917
17877646
106060361
134362382
137990457
138241292
146398550
6616175
43771606
80947808
83475664
101344126
104870277
105951433
88809773
156909547
158641577
6978922
11359309
25741399
123215647
135053982
142662128
162705462
166154739
106905012
123465406
131781064
141240385
162080815
13015505
44566566
63341582
103351834
115720134
40456040
26172901
85900640
87661080
98808299
15700532
10356422
64170406
92058825
109913430
114606020
31102551
76687950
81600382
104008635
108437353
10198386
46540360
12250932
59770833
92106431
23193963
47284775
19793362
47624005
9590784
25139372
13114839
42613115
60563114
13355537
45965625
23715266
12833770
37124385
51131859
62162172
83157695
20958021
74121753
109212235
110685766
111113097
10310367
31057281
24707564
37720002
18636168
15829161
25229864
12106804
21274495
53005751
58676835
22634384
4849211
9909645
28107958
87746135
90537432
20757081
76477920
81780170
116179315
125031041
133468524
103524974
111648483
118539335
128544834
170882433
126867228
163476440
168121482
175781507
178098332
172759091
175319161
203811110
212366274
218546866
109713522
120652339
125117350
145700995
160179145
35670371
11016069
43833841
41710569
41996713
47093649
43967913
77949653
91062764
23907258
29861969
55634064
64210511
64821538
74046342
100027972
104532367
105128008
134091687
140857937
143466578
145834354
21533017
104810096
6134422
16536805
40931539
11385428
65316295
69928098
22048013
40218679
57921878
907655
23916100
27663559
36192708
69273285
78020864
98164239
108560797
129727311
11773250
37509314
18223623
20989191
35656105
60470834
61258543
26322773
38479601
57895003
94851221
19738171
33027115
41136974
6310158
13163502
21699713
5369221
61848994
26166063
31843434
8101786
11665109
48692721
81834032
87808590
98489025
12177307
63039489
95814921
97743485
114068063
30869264
37115404
16519801
15760352
38706188
51688962
15877430
26348196
68028282
11059956
19928017
68322993
93236264
97870202
20545848
27671149
33049387
47778606
17033565
34061141
38814489
26093567
5506928
54353773
5954422
10444530
9122464
57503970
33297812
23476714
40112117
125026
111656543
140182879
141765079
142621691
39252242
42317121
47746153
61901705
79396896
83343405
84366433
54772271
21192965
24525757
44641877
15842473
35346715
32795547
29873930
41317435
43966083
18376838
22188409
70919799
24672324
26706212
33471731
42363317
64228805
75702383
96308773
38701606
83474553
88521933
20572936
4607197
29155361
32934083
27300580
6861587
7132595
40884604
54684474
14391897
8507385
26780025
27653579
63321974
8606306
71531895
102130823
21077695
32059451
45187615
33169421
56891972
59571232
26349903
67373761
9791664
667527
53013935
71005561
79960617
93531436
126699949
38424516
74206918
109683402
130560125
140274510
146543667
26960789
49606496
21268384
49012955
64982857
74227023
14766750
89766223
106815223
121165999
130318574
18565688
46998955
8063699
38998900
7172147
18557151
44580675
55771328
9846083
26340262
30201362
61467419
73607682
82842317
19918988
49414954
78326284
101049609
112043161
24128543
15677590
28730362
41780605
46170908
6745631
30024703
70783704
71518869
109421267
4585398
10489793
30264755
48533614
59693707
28791628
27885719
32380530
51080895
34834120
46985242
62062787
52957343
39278012
45830153
58303915
61677211
106099935
122161752
136663292
140548571
141690174
29994615
53134982
68530960
89023706
94303752
99395908
21584502
91345519
154269391
155086925
179644476
21999476
54340137
31544560
73033873
78258824
79675619
20949598
25314737
45189951
20114892
98715294
6441772
15747399
37864020
48574619
81327009
21864514
23681506
29098616
55319663
96941531
107996679
21759106
30387276
63306486
90761659
110630690
6697051
44243103
14690590
19420165
57300876
63141699
92649174
29143378
55963688
1380839
29702550
73202608
35728305
49136593
54515517
34578717
54668276
804936
70302318
97247754
103106381
105252000
47319448
57905532
20280402
10804862
31620584
5561057
9921931
46066440
22787118
8807158
17226559
31721900
54582068
10193970
11606440
14580646
59231244
105535542
111098237
26152192
26073134
20573782
49498272
55581000
63593373
64628344
81106769
87127999
93073617
112330817
126476536
17669972
24731164
54595006
10451838
31799549
37457298
62464798
78487884
79843146
33097289
26849682
5029000
39302539
23431180
37909610
48273243
50720849
28045276
43465124
9494446
28998064
15506914
24082423
84982568
85334893
17628901
101106149
101106149
105620838
129696152
34923163
116272513
2380993
7724917
25449030
39894502
103887496
34261441
35305304
46668007
5877156
33875444
69890540
112694758
117730126
132791361
142474290
9739557
48476440
78302296
80760670
102675673
122580790
7461722
33271043
38878449
42114280
45962964
60839295
46386224
24693026
14995257
12134047
50340090
68071709
36693504
45631685
57697478
57852926
92811904
32183489
82290770
85355426
100623461
16813184
90930927
121058700
138380110
142247577
153006338
16894402
30832550
9608672
21342693
37722848
62553218
67518756
11178731
68862669
70270550
81051829
87363212
119728570
120829145
148807873
175746496
176386247
37172332
30333748
44988770
52988639
61040384
63169749
33647618
26977057
38135614
46797205
49505069
63018014
88683376
30793751
18870057
25937929
77794599
104269001
109760523
634557
29307496
45467226
12467800
36665082
32730855
11671976
13231960
41266815
99942208
25464057
17352891
18857898
15418767
23287858
48827574
71394077
87047860
17245332
9831634
73583040
80960874
87637767
3426986
43927418
9571688
39937613
60665136
858362
24686160
27204663
101910371
113286075
121817847
137878379
147507042
-3189717
10164458
51183763
73428817
84368047
101676725
103515699
201540
16069510
64799414
596632
25254694
44958348
73776695
109825930
112649849
20398489
38128621
32268700
54959425
69718909
10966667
22186230
36868449
24681206
80187307
89471619
103578696
118595554
123385396
144877611
156738057
161392725
164285260
170655005
110204747
118132084
146525464
170642735
174675833
92433830
142430081
11350144
29339003
676530
8042069
31814414
34618531
55702688
36017774
44563359
39430937
50559656
11829039
41819478
75122501
778469
21238526
45836651
53832732
60390755
77464127
91186448
5399516
6511429
16324854
17486718
43995210
59775059
38919608
85633165
98131519
24791684
10799339
26711907
30462691
42274646
26725638
41556429
15624182
25666346
21948697
38398025
31860545
35884117
37408201
20930581
50091008
34160404
16945148
54366409
66595796
71160576
82984720
52567351
76049533
11455147
36203938
67716915
68173178
70800933
72407282
18471008
64485658
29134060
54057861
85161395
88970924
23360987
12558640
49308032
72019502
73539110
21232757
13579979
26436236
58824263
72272418
58993111
92114632
105142905
134282829
136800923
13047237
16130416
15175124
57265025
67939927
836674
17780065
43717047
15902175
16196707
43153424
49783071
61100909
82172151
28962917
46165065
48102456
98026393
116953772
123695901
127529902
15556400
9013597
16736507
50232184
99936309
23648691
34853167
43696057
9579724
68630885
70825175
85020745
9426962
21529872
41667617
39107011
52953671
58379024
43833709
13872822
41593049
47082418
51155068
19646983
39093044
43912736
58790428
78665133
84052504
24551315
26200339
63799107
77974068
78738588
75523607
89361364
120135094
128639353
38561599
68479950
94238436
102389603
114329721
38692575
100080863
128844861
145601826
155669865
173579591
18541631
