45825103
23855532
22542155
10125327
34575491
16364779
26068495
36788645
30126834
39208840
46228449
52124800
21436067
44845364
49343977
6192593
9813404
29206606
12469485
10616581
31541619
13862291
24624601
21314168
6408448
26773599
6402717
11804640
35771561
39015525
7170595
10591940
21075503
31944296
5235684
17026307
10068053
27968540
29256053
31016079
12327606
28859646
38118184
20275999
36793923
17934239
28474980
30771837
13093742
30697659
29940080
55807875
62734911
18103435
33200450
16246042
18113906
44729351
4357440
30969272
33954876
19646039
40541654
46199381
20902723
32644332
26326361
4483906
20126115
36199403
7179240
12081354
38009874
40949483
13844872
38114813
39743272
27525087
22277688
4102270
24477856
37271044
28229017
51617110
69772342
87427762
88011101
19786693
21072417
20780070
36807155
22687494
13249423
12143286
23635073
19895376
22261616
4617037
22103045
5684878
39867651
44960971
11735408
22879923
5520671
20798293
7996990
21084191
7286770
22876670
28825423
26100460
20956676
24646796
3784037
6666484
9686167
11228212
15851813
41851851
11195028
10849322
22474723
4547446
19026685
24453092
26519585
38042920
21242397
7989387
12461594
20172281
24192933
40715714
24496126
16584806
28614945
32174490
45284289
27787168
15517436
-3773976
27010911
6482570
21722165
33956024
15226686
37718687
27102050
31446816
19873636
51594922
8697400
30312223
42256627
15156239
19726344
20497787
38788414
41173110
29620987
7435838
23017267
31606406
7259661
18524900
27308189
14215037
33706860
35073024
35839501
43922982
20106439
31136810
35831432
44019747
47538258
51823409
14668414
16392942
32982042
19539695
28496452
6199996
15778328
14345777
5470254
22454383
28911812
31378741
16258565
22560319
11230927
10894275
17806026
31822301
47164484
14079644
17420960
40539489
43911910
52483584
31361181
22272882
26342795
28091361
43645055
52171752
10592088
51180495
57216354
58538533
24923965
9731161
8865850
12466651
36017462
44951178
5928375
43256878
49028184
53679631
56235017
14126200
14077572
46948345
29256239
37917109
14170778
6050197
20436178
30895206
43982038
50919989
6180670
8517494
14772990
29383734
13207364
30399544
9652486
37316841
39159659
33698659
37396549
16734465
29023813
11229694
17666425
36000465
8908797
21423252
30175147
32368583
4775483
32320417
35693636
5894275
7495571
13271627
19516027
23586478
32757165
18914697
8082783
7561036
9429163
22676335
27052756
23928438
23612406
19203476
22005119
31435485
14343717
34087469
13508176
9105745
42968927
45811393
50574886
61196714
45265043
53869240
55625649
59939991
22299096
32763515
41128560
-3367508
29185199
25480991
4687941
23437055
5865834
15585383
4080904
23992871
46195989
54697764
4080367
26771283
18889292
6088951
8555440
14796565
15204534
16818578
19231980
32634751
25559269
19496587
22405995
26508512
22365228
14410948
22274046
8672416
19552149
22509368
36243036
36603632
10299098
19212289
36735607
58255997
2013823
29859209
26287043
8405575
28082596
33100346
37901907
44457123
14086446
6191341
33982969
43745432
46072975
27790535
29450391
31476836
43116525
46514201
15368798
29761493
43369781
44841854
49355204
38100597
14348215
6440123
9577350
36794364
6931564
39838889
43668389
45953898
6055840
22386028
30952139
28278713
10002534
23148894
20853812
21739166
29210152
35147065
51595160
60048499
8305754
21268624
47922737
48331134
51038384
21515771
21260507
14474855
23090256
6340287
13332576
26497815
6133375
26016191
29943469
20640743
20882632
29193598
18351023
28145061
33645250
20803918
24932695
20185150
29264247
31335465
9415379
23481246
14572425
14113999
8606165
28119357
22191839
25720506
47041575
23359335
26546378
31186040
33214508
12177928
28511084
56654069
77563536
78073451
80438065
83697826
51106772
52316070
61804827
71089423
73425634
19963835
58362245
59648292
7447079
19537931
28723740
41935248
43441367
44462849
58383556
59609774
61331802
69906180
80525987
82095318
49606001
52236008
57150925
14942671
13384971
15022742
24147401
28001046
28437360
24404509
15168478
21292845
16323403
14033564
23255034
32108267
5328298
27501227
10536576
19165061
16703531
23843289
27336848
29527174
16820759
20430885
20826707
6636877
21611980
23719954
7832605
9184397
17788105
28938576
29405448
43133713
14121832
7888286
29715938
33361850
41175825
45430217
23396438
25851633
21750007
34040351
34876324
40349315
6414612
14527892
58553193
59233846
61251260
34469743
26058055
20447622
32294478
35818550
42010075
28907675
30440547
33463373
16882130
17528127
21245280
35153806
26862881
22785275
21631915
24352588
33679067
28649669
31408659
22838224
6227513
52321362
54333466
6376422
9941768
22708137
25995809
23607669
20597810
19741262
28756872
19756228
23011860
15560617
13600051
32725576
6738640
31779120
45132340
17456221
24711909
39893108
41577935
30268913
37600544
23376158
35451262
38702182
44474309
59659302
23208502
46177029
67577004
79181862
79509592
24036375
42261351
60120690
65238430
67512190
20378753
32206712
47207803
36505623
15012613
20402983
33803804
40917600
6810476
28088111
49566218
51792853
58896637
28498381
20175242
78517
31524374
25295604
9734900
16909899
20913465
36535404
45032954
46286632
15668360
18440575
13833682
15345268
47004587
7760271
24437023
42722425
43173221
26218660
24299588
6595822
10374170
14081777
39258501
42048439
23855498
24773085
38307066
42940072
25021279
-3481192
41714761
42311689
14444879
17117157
4070869
18352566
31642118
31937896
26749282
48463542
14864986
21765721
34957307
37628731
21237902
18030330
31912257
33332892
40427942
44073620
33151659
68708675
80129412
81822826
83969535
24807046
27109143
27559073
29437079
32626813
42903503
74407425
81026195
105858309
106191069
108150868
39159383
50165593
52559352
64960282
68908407
18007426
33892316
36705599
3057702
3380088
27196552
21697900
28930562
39522736
14728815
37772769
43606907
52992180
30157623
23156316
41556456
6097021
9709879
12221619
29951557
22027023
38468491
40848189
47282375
22632380
9626366
23398157
26385730
26756576
15506013
10263116
30932649
8381889
17739564
14635798
19718469
20530591
11913342
16706619
24344726
7607994
8279691
15121223
11837786
16153597
39997540
4742931
33620396
8574226
13313529
31253658
36947105
40583918
2687917
23684021
27517006
57416788
21058697
22806798
27704062
33315062
17216259
15348963
9337672
31912376
38346660
20828043
20829209
6178623
25602011
40422658
41437715
53421962
21809497
28409656
48553386
53022175
53323472
16520706
34258415
35992399
5879626
8781887
17221167
10152975
9544859
15320714
20458420
33852889
43529723
55254317
56473943
65873281
15074172
46396249
48348682
4667735
6684256
30738947
15161450
31206069
9504517
16920908
36024622
24319760
17305577
38864587
39392455
39972152
16926765
11520676
20708180
31301534
38940328
7928790
31492113
37213359
16547375
5984178
12061038
26324524
36968374
22115373
46945493
11246402
16913411
31455694
47177849
16737560
13010457
7679980
19953172
26643977
46660899
6722390
25452949
24911418
34805083
36325755
20556132
21521022
27121432
46807124
70873836
76009710
77208942
5450336
22634358
15544152
44672917
45745529
26412207
20883521
34595418
24470668
26639658
22514378
40333173
43308344
47280941
22217721
26291872
19422481
28334501
20962268
22657875
15704698
9833121
28422459
19428936
8339793
84676
6103584
34909826
38492507
22308499
46303850
72906259
9514406
11855831
29801892
20159908
28964396
30554173
51905957
52737254
54472247
19170339
28338046
29632188
39658216
40392248
34503047
39449726
45340324
57651007
57868310
16308151
32760106
51317152
72163145
72770328
9929902
7791447
22304468
35438965
42562986
17582835
17002975
6517487
20270012
15836578
18139785
28510061
25534963
33817099
38946904
4314207
1816527
48492516
50330768
6807015
7738773
25829537
16481172
5696072
19994034
6969913
32640172
35222060
20335620
27536906
37968314
63854399
68872695
27130176
22272794
25795908
36689481
24466392
21093476
28798517
42391736
51005429
57106042
32622950
43459317
50908134
62143098
66022844
22369860
68570430
88137221
91488667
95849156
100388457
57491960
86981450
88283168
90551201
91642918
54099901
14121392
23464077
34575816
47636609
88367727
89821798
94680518
97153159
108051447
33007464
33811737
52534039
41266248
43257221
32649300
35984678
46914837
69357989
70543954
76035806
86720377
94225132
7918371
13546616
41669550
42741339
9204460
8398031
28470391
33372842
20736595
29451274
85984608
95910293
98525670
101430542
111946484
79784854
92409910
99780559
104826488
108508856
86969846
90741069
91830922
92687020
95123274
80769540
88013196
97159050
110053509
111064066
61438614
64747378
86901376
91004843
94294677
63703657
73330460
74613983
42023783
47769859
76250959
3903830
26818961
36563492
46543055
29517286
46061575
47525839
25623791
8635616
14395176
23707872
14733093
26002177
13472983
22062735
16016924
14701812
23308985
32152913
21113242
21241551
20577319
30569960
25266838
33240152
22548528
13572809
37119827
44962216
54660395
55901104
8484400
20475632
3668460
25029421
25316548
19665272
39897723
48113665
7698844
23630274
47482294
21939647
51273454
75168884
47404502
15963440
39951721
71946364
13565248
23962693
48650408
33552077
43062551
27683579
48044801
7966732
22991720
28801166
31845542
57420153
61011195
25043487
12425555
26785582
20790963
28306308
34646426
28300208
35347432
19793149
30188452
70322674
77731864
89212187
27157756
26125714
31861411
46370978
48817321
49713811
27098352
20997764
44738568
52969618
14352016
31691379
27623606
17724430
19680350
9340233
11884671
26966178
5521377
13831932
6097085
42656755
48598626
5356870
21088905
25345582
8182656
30544926
22856144
24371046
12435108
9445149
23046886
24469033
34594351
13855004
26411636
12167861
19329107
37176436
6111536
8427322
22066856
30431533
24580712
14229881
14447634
25203745
36676890
14545866
5879619
38702095
50540901
55775182
77070713
27808137
32347218
33522010
56101593
57488022
61709370
15422456
12703670
21077650
44252679
24826435
13531321
8736703
17322920
28054979
50289609
51284687
5072510
23585835
24443033
28415914
43170549
20638878
13753933
17961260
27187285
38992423
66000575
74464311
18649297
8692776
6848356
31343609
32273809
41569930
20774863
30456803
26616902
31526093
41908066
48513211
15451230
6843748
43766195
53518184
57938902
65623613
21059344
23880522
20411072
17525384
22364199
33833249
42742894
24357550
68115588
74265687
75411944
13873990
19586905
28874902
34257637
45518989
58854239
61192234
21084202
26836863
38250618
39890304
6945631
23555266
14330066
28562653
48376111
6996312
23542945
54901584
7372677
24457096
37930664
21144737
31798374
38638508
46774561
51395186
53350543
24339521
12977976
32270348
34675494
3646696
14657346
15498498
21395350
23710976
29357121
36704194
49128917
38206990
10746092
9674577
41479029
42453189
7210925
19457720
15837133
32796591
33880478
60001536
72254595
80986620
12777361
27365642
41875547
60494945
61583563
14213777
17810321
29089314
38079961
44451163
22770787
21182540
38696967
13770942
26550324
10881101
31036717
19898528
35989353
38212506
45997259
28951960
25567308
10256472
22642750
48132822
51313522
25371967
17293737
14704306
20332682
32273333
20494679
18785283
18086842
33900905
37355128
15251010
30125739
33411648
-104783
28051798
11656058
16025775
29602959
55187811
59192306
21052277
23929116
5749997
34051315
45163855
47785157
21951098
23059630
50475981
65047934
66319747
20568386
51290521
13668287
14546989
15701626
23428261
19943817
63117635
66586715
67874753
77759656
17608525
38805116
40949881
42344285
56308819
57163861
37241923
71895340
73784282
81889367
84638279
8237389
4238922
18531611
40575426
48819922
24879667
36992917
41954877
43084873
14462601
23814541
7129966
9645758
14132905
16821701
31586119
21122552
19499402
7022265
24325046
4863184
17419862
5944317
16279470
26087361
24852796
36486525
56469760
58379527
59924279
22340422
11654206
21566964
38643369
45935356
29331093
5541511
26837718
