23811975
20651973
27699008
25248472
23446039
21327185
26539626
22301082
20934529
16686727
21990874
26775410
16427231
25013816
21452533
16720645
24785199
29953251
21519823
16000336
22416780
26569629
18138759
21786182
21373228
38877439
26491970
19707120
29014108
16140497
20169293
18134045
18318542
27514386
18484166
16838738
30159453
25589638
25999158
18766023
23881261
25302077
26613300
20322124
41508685
20108027
22266371
24938048
22156684
30519337
27329094
36966054
22280994
27173152
18170701
24845882
26166842
22497871
25623349
22860032
19942771
16540550
28928637
38735329
23074706
28826733
26783611
16618908
23435595
21989426
27857330
28331923
28171768
25152701
26704578
16599287
21263363
14982410
21335099
20295467
13632943
22144948
21578105
23743884
37182743
15397429
30026971
20492351
24007828
23686664
26540329
25228033
23989479
29310554
21119097
35299377
24014213
13497900
15293716
21521900
27321453
27795261
27561873
28244157
24063487
21307076
20653961
20917153
19790463
26561849
17945145
27573710
22121662
25622126
22033735
38878105
21766137
23209060
16763780
26562136
24765096
22174136
20103557
18374713
20155658
25494169
27480033
15625274
21968635
22045635
28798266
17130302
16967538
42387748
23316965
23537608
23737944
26730107
27349250
29262754
20451520
28693900
21342959
20999113
42833929
27339623
27625452
21557120
24132323
17448201
20809333
28341129
36838191
26078604
13875621
26950499
18579861
23420860
27279980
19850187
31615226
28120976
21253263
27318187
27372515
23019103
22261886
28623162
27836140
17491405
21388586
22252604
21279507
20910153
19660486
26341233
16971041
16259538
15615916
22364180
30014742
18705201
27579845
21010539
16103829
15408351
22459802
17627412
17546560
22289652
17385600
23588402
27136640
23996020
23339193
18779242
30852063
26761240
28031111
25139696
23711610
25308685
32599513
29954980
29704032
19110575
18532907
25081289
16670930
20773590
26317948
16692785
20247675
29143560
27876433
22985852
21462302
16718314
27302077
16504098
20910290
18175510
25681555
22340997
25225620
17544081
36413949
15387152
16231490
26205110
26207399
22052346
27181726
26067186
29721314
15194128
21646941
25807847
23064750
25889804
15057771
25133348
20527985
24535767
22276086
25850422
20743124
25792867
15534739
28900946
16141192
20004597
24452200
20977830
22058561
27506609
22181539
22215751
28417317
20543633
16469584
26157368
21913377
16706806
23904874
22039092
15772276
26938523
15928776
25634343
24621799
22322418
27248241
18366420
17221396
27255800
13891096
28715560
20827536
16528781
24998376
26126896
20903423
21593915
27976934
17869126
26322825
15269923
20899483
20425105
15868127
16833882
26018145
22573898
15682124
21922913
28856159
24017434
22045117
25238339
21652354
26084898
19788038
25114345
22238867
16494207
29033400
28318325
17380071
27878308
26455501
20256460
16465485
17431089
27101425
23196339
21194515
23981542
28411650
27143898
16752091
15544439
18471947
27074600
16579902
26932611
27051330
30452772
26969377
16785787
26694294
28843373
25791575
22239096
20863549
25661906
17353487
23209835
19798927
25123315
17276947
17513654
20725593
20292579
16543653
23128202
24858293
23856724
20616988
38491723
20450626
22170305
17337367
27882085
41764143
42215322
24715409
27139886
16682482
26088303
21133723
30477090
20513363
14998194
22116059
21822115
28163638
23700547
21720061
32188080
13647932
20598436
27450555
23798748
20662953
22153753
18175811
26209157
15178456
16391176
26023430
17284067
28846967
30023663
18115146
21390089
24359773
15360997
21611627
15780671
24175278
27875880
27245827
21248461
15586032
18663020
15561683
21997588
15917304
15189998
16103311
22007710
32300812
27841505
32354906
24121750
23871836
22383802
27573057
13280035
26572471
26051934
21893168
26463243
22899247
26902047
25777523
23069742
24067844
30674613
25217107
20854197
23089943
23797318
18199899
28375791
23160830
21044632
21688639
18443187
20930424
22455582
23923433
21293101
33579303
18680273
15105640
28339636
27239244
22482439
18530932
22733874
19875988
18495059
18165500
22328537
15941523
14633385
13801396
25830582
25053649
25040780
22206043
26085709
22907903
15356408
22888280
25152051
28299581
16494933
25974657
17981914
21509001
13853233
20717525
24794320
23550777
30988539
29348911
22347016
23353696
25788222
15157622
26092628
25448621
14895029
23149966
20757319
24643370
27405952
17009960
23354866
19623709
18351161
18179156
35346657
25205207
23965295
24077064
35408521
29692228
26800771
25274326
26391184
23140671
32640936
20702396
42138754
22311117
28839232
16613923
22368415
27990539
24256331
24643247
23005295
19626668
27650089
19797660
24223060
30811397
21815780
41324371
29429641
23755091
24863502
22436687
26984367
24938313
21470498
16542876
21131640
23935915
15742064
20692046
26229381
21124876
26234353
21971615
22002984
18446538
26091389
16084710
24415517
17132618
15740610
20762401
27719364
28395251
30595013
23838592
15721984
21310836
30005040
22580584
24473926
23881182
29171535
23444622
24650025
21449383
42669655
22642266
14944164
17163093
16357017
24662940
26280036
27601882
21452802
21381005
19682623
25642770
29835554
21361622
13549638
25582272
27523671
30393697
22919273
13633138
16720344
22262808
23349101
15717052
23909496
15428061
17413315
24002445
25050563
21340784
30263409
21860352
27439075
24854425
27625137
24061263
21825352
22641980
25127825
28070191
29763640
27237684
26988429
17589960
23076490
22938128
28860344
22194383
15399450
21909263
36722982
14607325
16907743
27480041
18819154
15617518
20854196
29797490
19797456
21791962
27760655
22812429
21648687
22375719
18839219
27509929
24684657
22953628
27254830
21227653
24828128
24618086
22380731
26295301
21869001
20791522
20474275
30528409
30539443
27497260
32143272
32099569
20873834
16329840
27898771
21827351
18492440
21316000
14169210
15695014
14639886
24739794
22147404
29412963
26801311
27676246
27544648
30110344
22066617
23922764
26024558
27816023
20024697
22119173
21764042
23840216
27962573
20775676
20544414
28156047
22353016
14679488
22003551
27974370
16403520
23592954
29604593
27648313
36735479
24008401
27874899
31299134
23151352
26598951
18099297
18517583
26568288
24336781
22263355
21554255
22165545
32399303
21000940
29794926
23073482
20819649
23196381
20794378
28903327
23423483
26489825
14641457
38621663
25825823
13774892
27707715
15628033
18492235
16403160
24057619
23189100
16338221
22474615
22342969
30054583
28727167
37484679
24980809
15640374
22193871
23924125
27380267
22258974
20278553
26087926
14038451
27098662
19924139
20776833
21680002
25574252
30013844
17779272
16572139
21775466
22221723
27107432
17537566
27701738
22631870
15412406
30884931
21309409
21585606
24175808
23207397
21790509
27534022
26951803
16274391
25368876
24997887
19960239
22450735
17366705
18241641
17351913
17310932
27572169
23075236
21561812
23475884
25361117
16043123
26428400
27020606
16338867
25473628
23328966
19964565
24694712
19787500
16137107
29013705
17513287
18162359
28020750
22199918
28900696
31943813
20332520
26270114
21485698
18451931
18764884
27042188
13865151
35175524
19996535
20321256
27321541
23890364
17363618
22414652
16975456
30034189
27828679
22613703
22475162
26161610
30550165
22101677
28145873
25856071
23934170
22701798
27869291
18640397
22334227
33787826
21473322
27917716
26037664
16451687
20945303
23717820
20329426
20664143
18314950
24058907
23032216
18477700
28589107
22316335
27846504
26133826
22264447
21551254
23187989
21633377
32606314
16121626
16729314
25422131
17823369
16283892
20910433
17466963
26638247
22075925
26094370
15168752
21481552
22950955
30800343
21509460
26502490
24862604
31061840
21555362
14129687
16670635
23349005
18145093
18478617
21791511
18224315
16478642
27845468
22074934
23777964
17324829
21808639
18139731
24594739
20644634
24691149
27178539
27325981
25263460
17323462
25271408
26235561
26391423
19680347
22190398
27234833
28637292
20704013
29509641
28462441
27502078
16415195
27331528
22071554
24632691
25798808
22273860
23036204
23245390
24115990
27902583
27137342
16308789
27896768
20985957
22770849
21532196
21599281
14528651
31506765
28083327
20800252
43222809
23769717
20625240
22778996
23702373
26625563
26980865
16168902
27233460
21860487
22117842
20278461
29994890
22202996
23756373
20533418
32270093
23817762
21913784
21439688
26700218
15607272
25830894
21743933
24876389
16696835
16400318
16434345
23969897
21535236
23952122
21425604
19886148
21665094
32207028
22597434
30680857
22147711
25978405
15921707
24247841
18305982
20564108
22208136
20796529
17137051
27146210
32069420
20507683
21616181
24134298
19614246
22334787
15401266
28828428
24120531
21547812
23684205
20384982
29406208
25821346
15683920
24175663
27452644
25565588
20954334
21527470
24668615
24326391
22853901
21679047
25438806
29901705
31234987
25666679
17375256
16502429
29909916
25850911
28627736
20915208
23498965
21441791
26743254
15946546
20427316
22271584
22419537
22274166
21568671
31678306
23782587
27523549
22904638
20535605
21900329
28672404
15882729
22221895
22121686
25966330
24816681
27184436
17278016
28999311
21816664
25405330
29920445
22240332
25681261
15495866
28739733
21800754
26987813
22203313
25122275
23014761
27784782
17275736
26071840
23043012
21253594
19742213
33481045
22162459
26474582
26614547
27824822
22589740
23892082
26324355
24879422
27576220
24886434
23234181
28169100
23004258
16197945
20884964
31238235
27105757
38647489
24941377
27927407
25729903
30606077
26316139
21723383
21587160
28838673
16680686
36622893
20001102
20443575
27220933
28580675
20252968
20861764
25498333
22526375
23464407
20370380
16282127
13606186
30677714
25207874
25785447
21983812
18343360
21064638
27473088
15422259
15612085
27787329
19582926
30050677
31077269
23423373
23015303
22460042
20035048
16524921
19868405
20412473
21085126
26020599
22198656
33107319
22921431
31615490
22138907
25606541
21680987
42878895
21524739
22041372
27939590
23764901
29367019
28934887
17991082
23175992
22746834
16313736
37229657
23057451
26030655
29885749
27819224
25408522
30153308
23180236
23770648
23940176
21273040
23254090
27348668
21505125
16918511
26501168
22202641
15227900
25836793
26821437
23313828
41719025
23089070
19961875
31331192
15866181
28133757
17964394
24084660
21489887
22246436
22452685
21858034
24001312
21871284
16598115
29168159
41802767
20418385
24169893
16330509
21898077
25313849
27538088
24975569
15625252
19684938
20975562
22508853
15066270
25133243
27664241
15790869
18879760
26484155
22986700
15697262
26632640
22262443
24671344
22383375
23130537
22171098
19867358
23825136
22442435
15591973
28192799
22241539
28761730
42856180
15734949
26742465
16679917
25353416
21789342
20665044
27969247
18190458
25681252
25044349
22046324
21392708
16741365
15066486
14740283
16356639
25726057
22270281
22518295
16371937
26761547
38588637
27081767
27352012
27023451
21783425
16598470
18353373
16467460
22039381
42884995
22540688
31356399
30952828
15899703
33402407
20006685
20631881
16870154
35559426
23085741
17555239
24526340
22599021
23331134
22065382
17617642
27934475
21185861
26771149
24757379
17555022
38390623
22215605
24345547
16617795
26273928
23803997
19703153
16942757
25090039
16373963
22567992
13832547
37095058
21941785
18108792
19759589
26403452
28016903
16606664
28262312
29879876
21900206
21179485
21302119
22225711
26748914
18420837
27008147
29224384
21875201
16429650
22995827
28681779
31240577
18087014
23913533
15101767
21649285
19752733
23973825
20894841
23295748
26338608
22264048
16370721
15824969
29338446
23956091
26234620
30101201
17574204
18259938
31113832
23239517
22508375
22071132
18483525
29839975
17704005
26606425
13589879
27792139
25141325
26395613
24164784
23082157
14960766
19758125
14088919
22037477
25770487
21541734
15387150
21997212
17603092
19662852
16959397
22277826
21782578
22427536
23187359
30777500
21751970
24350313
17738640
35329576
20940002
26818244
17304144
26568151
22675481
22201041
18671283
25600399
42004905
26955966
13460115
22982802
27671187
13626043
