21169280
23465170
22765685
19562924
21088114
26175453
22229914
23930020
27867759
22459876
27348157
20922645
20299889
25341063
22750234
21156689
21467079
20455002
25416564
15369873
17656858
21415375
20305216
25483128
24626269
15277735
20638211
23998880
23077950
20658089
22459396
15788944
21353788
23925607
21514094
28809474
22331069
21018542
15067087
14923951
22228066
21227045
22962173
25623640
22430631
17178634
20661460
20817632
26505202
20416957
20826858
37918071
23796784
25473601
21493002
18975042
23226290
28108707
23168261
14937374
25088485
19360613
15587269
17650269
20799805
17430850
24588476
26395889
21727540
17656325
25095699
15403255
21548447
28886119
15067358
24646257
21553233
25071400
26623433
17390556
21744630
23281632
23062206
24744117
14673607
26392193
26320373
19598750
16764044
41143073
22495812
19724851
27306563
21615445
20723912
23771761
23364325
21418938
30475408
29743066
19750715
26537311
20903964
36445829
15702260
21358861
19565899
26415128
16158105
17170252
17368100
24263702
27168004
25391347
17473304
21144579
24785857
24678007
22594698
22085948
30239842
19143717
29067470
15777580
21087289
28140629
31638317
38062402
23154632
22451279
14150107
27871662
41032905
26687345
20267101
15793396
21443295
22833804
19531181
21497358
19032082
27299537
21909355
26965452
30570898
27036051
24395826
24808965
20360282
25440519
24148135
15857614
22207577
20508959
26435828
13729504
25801073
20753951
29260623
19996771
20896945
12739172
20212920
21313255
27194371
20862469
22934274
23168191
37835428
36620064
24242933
14371052
30190427
29202041
26093871
19937433
28045618
23306042
21458508
23150103
28957067
25183962
25628376
24144596
27303966
22756403
30399173
27913094
25693340
20054493
25336131
34248034
20098032
23200107
20894846
12628152
24032380
14467883
21340454
20603577
27015100
26486160
26573565
26445305
12906220
26684627
21890044
27101781
25731573
23124369
24916940
20528125
24704309
19590372
23126774
19993167
36013872
18681434
23773733
25521618
23763212
17130313
25600408
26523178
15437283
21634220
20565018
24368239
21670244
20745510
15622622
37717379
23036927
20336057
26472143
22347800
22352021
15974004
24894628
25534992
38252972
24075895
20767394
21050627
15481309
19336352
20767793
17288658
21343710
18739227
22230706
24683454
20380636
26418032
14718681
14099386
28002827
20663401
14792348
21099269
26062608
28306228
19932985
15565717
20826511
15717586
22074029
41133062
19316416
22160782
29768785
22145884
15596128
23404715
21674934
25977003
19649382
26462222
26267587
27601911
21852893
19632685
24512277
27772395
14133001
20603399
24876079
19672506
27494474
41610848
20047661
26228990
29384389
26631724
25984253
20415052
29960358
23476918
19156366
16504090
20633684
19761426
12687414
27128241
33595093
35807953
29505514
24925922
25667145
12936767
27155289
21663007
21341454
17480958
15457197
22585614
27954084
26469152
22602113
18791625
17200271
30374107
15169093
27253957
26492684
20521494
21199215
26129399
20472118
26328338
20188211
22275804
17243601
21072221
19622556
27125031
21869163
26182615
22643261
16707858
20440393
20444276
26899002
20913965
18911108
20315106
15729196
20009426
20387072
18623156
26742856
25502307
27596013
15970389
27031907
15303155
22340597
14685460
12451594
21513548
15366641
28828033
26564988
17209251
19427832
26232164
40548211
19916269
20669526
15095340
14462989
14362382
15074053
21516716
17341938
16844649
26853959
16157207
13664522
21084612
30530850
16476218
20257349
22513566
22040307
26195588
13857700
22927185
21127616
22163492
18483423
17584272
12470343
29459956
21378665
26226677
20884877
26636780
12542503
24080131
28663760
23006466
19492261
24729048
14317420
31981105
40698334
28876528
21952014
28525503
20024653
17057966
18656557
17189917
20427184
24174736
22121197
15654548
15497812
19469981
15708832
25334486
22915460
15010727
19822022
18632940
18988670
27659037
22066055
26485323
16958627
22033676
37235429
20180158
26578218
15115476
19413930
26109105
15813600
15487394
27727429
19739610
26408464
17374817
20255431
24159188
21054044
20374792
20222628
23929206
24628449
16296419
20437235
35070460
20591037
15353607
24055709
15191910
24885539
25038542
29231401
25073404
21337744
20501415
21353575
26223969
15333363
25150369
26252887
28757417
13830435
14521331
22863181
20935680
17185010
24792034
22939636
21763123
22110297
24882300
20283861
13957258
12743643
23893573
26188034
18909592
20755831
23744557
20618103
21220301
24124383
24499365
26241945
19556636
23189592
24815118
24518630
14993395
16078152
27840449
22698821
15175964
21270642
19021244
13522855
23176235
20681632
20195384
24777241
20942302
15756335
26853556
21156974
21637933
21396675
21391555
21353353
27943794
27817515
19599485
22810620
15635499
26376485
25567322
27491022
21014388
19063380
15651876
23978789
23123893
28587542
21569854
21511542
12596936
20763839
26245563
12823437
14623530
24632700
24571061
17249772
23795072
23318620
21421971
22390603
25885008
23606039
17204900
22332274
16495769
23316405
26397198
22514958
12793381
21083419
26085217
23347951
20252038
22430657
15325586
19878964
24436519
25248502
25143291
28993809
20798845
24539078
20810983
19386065
26998881
15414038
17321691
22679536
24816603
22099809
14533044
22011434
19840089
22912674
19453797
25424522
14562259
14472597
15830454
26945504
25480338
16398098
21501623
30301848
14825934
21437954
21202883
19620052
27953098
29308472
23086421
26884703
21085226
15597683
24898656
22332761
21188740
35795872
25015757
26410875
18524680
21474277
23820341
24036212
21431064
20326739
15478824
20879112
27443460
26942903
27860136
20676302
16335634
28837683
27202370
17755718
25555741
25298782
19645028
21008653
15609461
29139116
16462549
15990301
26373868
19983418
22045296
14065641
20509371
22419119
23067092
15030673
27063951
20747111
26236334
24992686
15800873
24251394
14531429
27977648
17504575
41776524
26593763
29786630
16065188
24942967
26207557
21518506
26437661
25456389
29771677
24683235
26343962
17435206
15762471
21055072
25580031
21375190
28178895
28828877
25100592
24537099
21457278
21915749
20050254
21387239
24167292
15556460
16333017
24692073
22241980
14857742
18840968
26666971
24243240
24489888
15994270
14968063
16611593
26492282
19757780
24570264
18940425
14540380
15944801
16515557
22045112
14217695
23865496
17520892
23034531
31699981
19044396
19500205
37821148
16173617
19634081
15514978
21098657
26981781
16378608
24727816
26935851
18707614
41038208
24746698
41390318
25013468
23706828
21387411
26218562
14950262
15963810
20808898
24851584
24696213
19858929
22870791
29464338
28017766
19571179
20352177
13875874
19698020
21578827
24309950
21020386
21024293
27387676
21346025
22878193
22542500
20890828
24199337
30854860
35780400
12563517
14680523
19920831
19463722
26805254
15202158
23161760
18903304
19767214
30950111
21359662
22934505
17303602
21237586
24805165
20561794
14208048
22176514
15643072
22948514
25039731
21588427
16746884
19858877
27568524
23242113
28208551
20931524
17431410
21592526
20237356
17469491
22824927
22268395
14223097
20246878
20801891
24919132
14677315
28131237
23270135
13061362
26879744
20164305
26227864
24802978
20512489
41463820
14596324
29340607
17592816
19270660
14668932
20906739
20770243
31446864
14897105
22327334
14397753
24526334
15241729
26790407
21078818
21534999
31302771
14331195
26923706
20477720
31215403
19608669
23194156
27185376
22832102
19721504
21346853
20293308
26389697
15850056
12539197
13047948
24343928
23181372
24697631
17332752
21182570
29516320
25260326
21364852
22239287
29014992
23793052
23309201
25082961
16638057
22077913
14972040
23070743
14689431
29674224
20477215
24352003
14722432
19502916
26445724
22907875
20744329
22999015
22895049
17252816
15481564
27849453
14377206
22430853
22776820
20451201
26720793
21431627
27046371
17451997
25078661
19555867
35715262
21342413
32894602
23005383
28504679
20106424
21234512
32780059
28048825
17844221
21187340
14363159
37790410
27263655
17438322
26334541
21269369
21889753
14879782
17823154
28215671
21510431
21255226
18894485
21254652
17641808
32178894
16385642
19833209
21045210
15672494
15126306
27536062
13692014
21551649
12537469
16451800
23942561
40216654
24231442
14507143
24097462
20722852
20927726
25342020
25554908
23379259
21934062
21653015
14563418
17220588
22140282
25904218
24264528
20441740
26806886
35848215
15620355
24589584
24970902
21646381
17210430
31394057
20600329
15574536
13120753
21716267
19564203
20831564
23670198
16684241
22844035
21348244
29661196
27155466
29382494
21161782
21285267
15441277
22197741
26583696
24869864
19778699
14420428
25049570
25468109
23776026
24680801
13016911
13783070
20608864
22249525
19681444
19755059
36191766
23911017
20829940
26442021
15654836
15893790
15293294
22299114
17158266
18794692
29430611
17165182
19284078
17457583
20398478
34469508
31214032
24468800
14782825
23043464
23574128
22923190
21415163
34572186
27943020
28889973
15680439
26349999
20084048
23886796
14171285
25465876
22366185
22236296
19259521
32029575
21422285
19819147
20607938
41093359
23894507
21033255
20825335
27614195
21395194
15976856
20892095
21165510
24059204
27096598
19349929
23420227
17620420
24069263
24056340
22327080
16616609
19004654
19554991
27245342
27720744
18895248
25365429
23018481
14477095
29687253
19829383
20867316
19467915
41110703
21386637
28004037
23429208
22923122
25351408
23652071
19838460
21606594
27238169
26489495
23723671
23709677
16451685
20571114
14193051
15909092
20853394
20138592
26496483
22813998
19957533
14827106
27135832
19847162
15433216
25023632
29999258
20668381
20834284
25418984
20221608
21207192
22133402
21266454
22574470
17288409
16421278
25162395
22284742
15439601
20672362
22846347
23127972
15984660
19893278
14789244
23945239
19289804
23917983
26402092
23921718
27715635
14349354
30266957
23307924
23185613
23343083
14517705
27799778
20936016
20825887
28479987
26618534
21355266
25973608
23716461
23984788
22935309
25152893
27835475
16020692
23006266
21246494
22786633
14637572
20351818
21668465
41360428
15511155
21536603
14939233
14306058
30264010
16350035
16364634
15782986
26568454
23699550
15750522
25486878
14663159
27063941
26330274
20785602
19604206
20606320
23940141
19153364
22830468
24733999
25602674
28863888
14260870
20057554
19280083
12693543
24712504
24624987
22354701
26559411
28145059
29371690
25021638
22300526
26786453
12572614
19171835
15390027
16878798
20846418
20652580
21703860
20808106
14141067
25063111
22942810
15823894
14202466
18832263
16210026
23146808
23028209
40566629
23748760
26097601
19935503
15629650
29016084
25589477
20856579
24247156
26401833
14344112
24259073
21594565
26004430
20060469
23172172
22701467
20785392
24509974
21226641
27485769
23776365
19584911
26674922
21322049
28437911
28560644
26468024
26123708
26323577
21001927
16799421
24606963
22473174
22227175
22083633
26399470
27329702
31242696
21160241
21238829
14338092
14597607
20837762
27208822
36287398
15286717
13560531
15267128
15824293
19247626
26775563
19419452
17697943
21052485
14902018
21362675
19708408
25657039
28827570
14256940
18841746
14747284
20469476
29656445
26882438
24593177
22200536
16552797
20686229
22153678
21820648
26370342
17495504
22029332
26046482
36163308
23676013
21446404
21955200
23203599
26205882
22318975
20336775
22047911
23875943
28255267
23622847
28236156
21315306
24592668
25801583
28082164
21262266
15729740
20077250
21248652
19278113
19744038
29316794
37115384
29798769
19892601
26186848
29818065
31391637
22838111
31003008
16554969
20112689
19852623
15554422
25069451
26531339
23807930
20677069
26445452
17311203
26457390
20609723
40759241
13118730
18923847
14431318
25217153
13592904
14811119
23886501
23322491
21158982
16156432
28344313
31412027
25842002
18772337
26235649
22083483
26448754
14609610
28803946
21447820
21294668
24955477
23035600
29220745
24732589
14147240
27210153
26464488
19378787
26856413
21437949
25996804
20768813
29637486
22780756
20254539
26995117
16432267
20223330
19501663
19820395
14881504
27519546
22455591
21381595
35885246
13617170
25351761
21532250
25413295
27301980
14398072
15542309
26299061
23170648
20974140
28598466
18845055
26873069
16612407
35800052
22200412
23311880
24915255
27203341
20861345
30538583
20735396
22199749
21682666
25519884
12929820
17483685
25779164
17697925
30966080
25552526
12805977
23862366
22420092
21274841
22289403
20850926
29144367
21288673
20609113
31175300
22316179
20033550
17254854
29239139
24281131
22302356
26743610
19968791
20556992
22575618
14574342
19639440
23352600
27909389
25625202
22769696
27880672
25789623
21758335
13520789
17283112
37941852
14791355
24756871
18891273
12872616
36839639
27279685
29006603
14722119
14382414
17594092
33304615
15620571
15814463
23245186
28200250
22417519
24110954
15213673
28214987
21618571
21407464
21388861
21045601
29575405
19835376
28236446
16572859
36411654
23190641
24459369
26151343
14385862
23801795
21206331
19324251
22742977
28642225
26760099
14568029
21260110
16658197
19718563
17098359
25131204
16422027
12547282
12589041
26074169
21039123
18889736
14776827
19630543
20299311
20976149
37763131
24409969
19935556
28981269
22360069
16784749
25407139
15599594
21078579
20733356
20348833
20979213
21075012
21746758
21552916
15908412
27432742
26243959
18699481
21477417
14941328
14031154
20719663
29781382
24565632
20943538
18679121
20801365
17396832
23369604
23158017
22385668
24589838
20711542
13532779
26106065
28146358
26502673
20860054
15771469
25156522
24294948
36544330
24325508
20841028
19533650
20821307
21199855
27964422
16333966
30345692
17175337
17183852
16736417
14504962
16402654
14826867
26736324
17352603
22164974
29239714
20548537
15272161
22462184
21566578
24231328
28477258
15038935
27503475
25374755
17406985
26230227
24326618
15296447
19402924
24339759
27401890
21689017
26182214
18807510
15483124
24160565
24614235
18876526
34862178
14860368
19714683
27779297
24702675
16308818
25357193
17030359
38016994
27225161
15570025
21058485
13584570
27471109
22164689
31616724
37512097
19246484
28551209
25272793
17195629
20834815
14026553
17165770
26367680
17541906
26627501
26032645
22128649
12600192
20470027
34505473
18646822
18648270
22234567
19375089
27930059
26216706
15497063
23376690
14874164
16532928
32919776
21438750
20901991
15776868
25157751
29090288
19367661
26918483
24556217
21039525
26574379
21217479
26554035
24179273
22985808
29935893
16364798
21270985
15635655
27167319
14992465
25316188
19824267
23087262
34231658
22219450
22630320
26493678
21259377
17707300
20747412
21522066
31953559
32282272
22049720
20671777
21147467
27064575
27678642
24422619
22845477
15668853
19825763
20056138
23877542
22467784
24190855
19511453
32045675
19266044
22209400
17576604
24105270
23123072
15032003
22078719
36156911
17359462
22390600
27811276
15835111
21433579
28202494
27331165
21388347
25430888
14556590
21360280
21415115
20912106
22902581
22132648
26545677
20734707
21293228
31019807
19856328
15122126
24743597
15673949
25785078
24436617
23744377
16699635
26311000
15298528
15064286
19496974
14359218
14872602
21393543
25408947
23219546
20869715
29044148
24449480
29306209
14185039
28893601
20358845
22234221
22069407
19482995
29650123
25583461
20384743
17314410
25592938
27542267
23619132
24605726
29067329
22040734
20329634
17275929
12823739
23311681
15645668
24838829
22262260
21487240
17240680
15708485
16781656
26381999
20836648
29685349
17368846
23560838
15634442
29581522
26749372
16187209
21418925
23884135
23065925
24913283
16064078
21039475
20984541
15155295
21432150
20832708
23711570
41349114
19724155
21596591
23965064
21373556
26767003
21612176
26829135
40452148
24260622
21518639
16578557
25033851
24178162
19751344
25465644
19675479
25685402
26666447
18728990
26452508
21335580
26880385
26205579
25583844
27862573
26615095
19671784
23414003
27806877
20998173
27324836
23777865
25829206
27065543
15212652
23030279
26051391
27765416
20967940
15726532
23994191
24928374
24680686
24394654
21097827
26521372
22098441
23603223
22173040
17330296
23043628
29536941
27246747
26222627
25784114
21347790
14997659
18908934
27042982
21183043
20157920
21464976
21895045
24688426
20656794
25394832
20156606
15954519
13808935
21325718
30202451
21797250
27264310
25576658
19394975
21257096
41464136
25104579
22531147
14569672
19638793
23375736
22076501
27768018
23060867
26113632
25931153
31947684
26382785
23997189
15468376
17505944
26712711
22057860
21519679
28068335
21317301
21360439
19034895
34653636
28830945
24568354
21671643
19838256
27408262
20073242
19316608
15212505
30442225
19434957
23018571
20248349
20692958
25911586
20549460
35874043
26270820
19746882
14508297
18767014
24683987
22147020
20996841
20652814
24354966
26483173
15700550
17288383
15294519
24949667
15282997
18765199
22855209
20799194
20553364
21986338
22837346
24961029
20886311
27856947
19110551
15773146
20829072
20784286
31473762
23872173
22317437
18911446
29809625
15666386
21256078
30449817
24761141
24081538
15181790
20607713
23077414
20788250
17434463
24648301
19730653
26882656
21494246
27927041
20109587
25204698
16337910
21759643
26660495
29817854
31365730
15840602
19768440
22455232
20890687
19668586
23030897
23914954
18739111
26953138
21612566
26113830
14751051
26241357
27615274
17249104
23132449
22168421
20812974
15877475
23152710
18793471
19755891
20586035
28872591
15677971
25344462
25073211
14948543
23834665
23065522
17132523
26480414
21029180
24484977
34616517
19982475
22351402
20956508
26345553
23823280
26391216
23157579
31300152
22135487
19529674
21482645
20882215
25007453
25065155
28934744
13475642
30592987
20691360
24668344
24148097
16409677
25321814
15663585
19648802
28789611
19801585
25602759
17616087
27973557
28321023
20681938
15114399
22736799
16453725
20755266
12706389
26621670
22314517
15168529
22686823
19522127
21036049
21390512
26455254
21402944
31361471
21242119
14705636
20904262
26297352
30728156
15924735
22830533
20676181
26635609
22407149
22538609
13801237
19314025
23281460
20340257
17376075
27506609
17251515
14650462
19553996
21567114
15606164
20808365
19775254
25238076
19404562
23884346
17357753
26996294
26493196
16263011
26233063
28417019
22306074
20628152
27941945
24639441
28846178
29203505
30310098
21677252
24516714
24469318
20500693
14656423
19736906
27827797
17515778
20655222
22400402
26434458
19443830
20819844
12848967
24087138
21277461
22132614
17701957
26545135
28077573
16328753
24872972
24399251
19238019
22041441
27503938
20467141
20259453
18836864
15702295
32143020
20668875
21516685
36403723
25562817
20638950
25561881
21038441
26220166
25641615
22196197
23255109
23441395
21457477
25179212
25884989
23874070
29798107
27122106
18739463
23980157
19723623
22132760
13569771
27270359
17408001
22169761
16160446
15723245
20557881
20177421
16776888
30102603
19862907
26133939
31065790
37692573
24409412
23643808
15888522
26995855
20700406
24747611
25789537
29676184
12991183
25277371
22835681
20748858
25845738
20404144
14642406
28108529
15619095
15390308
19396236
35832539
20598591
18995456
23375115
19750159
21545820
26462401
24310244
28102389
17360520
19387020
28784765
19541212
17529783
24505737
24596591
21142792
26571613
22333706
17105878
19207111
19723928
15509765
25368487
14290801
23069932
29066814
22290928
24493393
21562618
24940209
27978782
20808829
19722949
17326729
26251659
19867655
14347294
27040816
26688928
14531902
22972980
14850631
20773909
27301235
27220432
18779406
22053028
28734897
22215286
22331683
13743970
22596483
26077201
22069220
15414454
21412716
31310584
19084906
26332143
15839121
31429961
19034275
27736768
19635399
21918844
19810146
28625252
25284711
26770654
21313509
22592031
32220792
24587522
22113349
14374653
30373841
15895290
20804458
20464115
24501174
28272908
20727822
14675455
41348169
28541887
20426900
20442256
21161620
21252701
26534095
21140699
23258098
24881292
27825153
23083408
27836687
35920529
16939371
20677603
22176480
19849387
22155993
23194479
15291768
22408321
35648961
23001775
21911572
19428056
24650047
25861356
28860736
20827826
26692806
17653311
24523617
26902151
28588799
20774906
22689336
26595096
23178748
25613778
22583172
28787697
20312234
21246465
22445856
22602403
26261114
21229409
20677471
20401795
15900249
35955187
25426911
21394656
20880732
22346365
14350848
23151452
24648686
27639015
25287086
20829872
22226997
18956319
40964804
21274401
22016983
18919057
18635044
26293865
29658393
25138008
14910105
23929940
27190711
21322959
17563910
22769580
23109090
26081677
20616233
17379356
21175920
14280727
21356099
26891556
20911507
24724907
23078668
21292333
20900745
21760310
15875705
26351538
26392297
18994964
41116976
17843364
20110066
15491056
23343596
26343344
15508472
26623306
20942464
24850787
24245375
26357282
27103201
27991119
23731599
24182312
14830187
29026300
18736582
15590724
19839960
20961776
20964795
27509572
14055745
29414505
24071494
24697344
26149729
27910995
14807295
26529942
17106523
14273917
25085334
24869850
22089577
21401366
14957972
24054171
25769082
20404323
21799007
28005147
23838356
20934736
21307629
17137247
22111294
24324381
21104859
22278288
18602730
15651632
22811933
18605834
20910672
16470077
14718039
26850899
26744014
27306512
20387326
21001287
27192717
22052287
41073516
22851696
14440429
30189104
25530102
25768003
15725326
26530022
24720870
20436874
20583378
20816217
18807786
25890838
26718336
21029568
17068855
22712439
24773491
21552640
23917715
12759304
20921052
14518130
19961961
26124313
15609212
28003143
13559147
22920824
13572988
17500339
15530106
14644962
29888423
20037461
21238612
22747387
21599871
18467526
15639757
17416070
25678977
16393676
37285594
16515532
26054551
28433363
26118292
23984401
26158446
21785100
21234313
21083907
15510379
24539595
17257129
21970859
15605909
24906929
21199550
24204929
41229240
26625927
21614543
20536532
30631247
25529155
30232952
19933586
14918585
19970115
32914318
18743257
19008467
20760989
19604809
24019820
15467711
26509335
34215746
19332671
22150713
25078536
16511919
22538983
23738314
21278613
21678555
14740346
22375941
21415862
21453581
22136668
16380901
28886629
27140556
20479017
20399034
20391589
25434321
22598847
24045228
26887949
16586727
22147345
37152169
29434049
21389843
28948711
24172248
23079486
15835266
28863223
25719350
28240809
22911819
28095267
19097887
20724957
15984768
19764222
23824824
22525557
15531652
24486293
21781297
18872355
12740769
24744615
35633997
20556998
20648914
20921120
16989749
20351225
19132053
26330085
25588024
21809711
27168136
16474745
15554837
22977274
27001197
15013321
28251755
17484419
20464154
25260504
20440437
22875197
20324299
18768881
21323624
27181124
24418390
20653122
17421821
15340050
26621719
16023719
26928648
20614075
20631584
22786934
15400369
29704941
21584125
27162542
27997013
16266612
30126984
22810594
17275804
26615711
22954078
29400893
17112877
16000073
20741767
26184267
18779371
21380904
23143702
18472518
19942072
20084669
22251945
29879750
25287010
28516514
21345779
27684363
15346440
20927410
14520065
14023184
28476207
22155127
23105816
26128146
25185064
20844090
28923026
14777041
16569632
21903522
16908475
19950969
29892658
26441008
22181649
33987451
21066088
23466953
21164460
26428990
17379157
15500725
28704365
19052200
16646337
12894818
25607929
23859565
12652135
19474719
26526377
15988569
24134625
30001018
25370689
29173776
23336048
13844443
22207455
24361451
14167324
25745143
18538541
12453253
13254274
22334584
21271223
24190569
25121097
16311202
20776336
23873124
14566381
22254673
21037546
19887837
16410699
18714351
18924457
34632629
15591423
23833578
20704775
14928789
20919473
22538073
21575880
19887679
22264107
17620171
29945687
20958535
20663513
13614118
22857489
17471191
16778454
20721916
34073963
21909259
20059258
22016469
24774799
18771240
16416683
23506978
25684101
14351404
21294452
19820360
21099085
21883808
17644535
25043147
25364050
22377383
40847883
23230611
26545425
29117301
12684780
26277584
22397191
18892225
26963494
24531441
12712487
