18879816
38144172
41241522
16844790
36647896
41332981
33533493
36213946
37948851
40878660
17563125
37182675
41292177
19730794
23860127
7854344
25214369
32148365
40123159
29112230
6411789
9961555
14253838
18929341
27787682
29244449
21105860
40768244
59145047
59659856
59988023
12785466
15293948
20196263
17254459
5342370
17045050
19106490
23657139
32068570
60800846
76175422
80913216
83968411
84448068
88323090
42861525
45994790
73144338
86743606
110214521
119491242
122125159
11049295
12632727
8246412
24548852
31665416
38060905
57793634
67714619
70391601
13447137
21176845
22817802
30165222
66062788
81929122
82749699
93635024
94683831
110651221
114028092
123191165
124476300
127670621
16836176
13136043
13814472
32397123
32893836
33360034
35563051
43838599
163208
36258718
37398239
39409193
54489469
65256439
90343831
105134226
106372802
114578295
120111303
122526566
125060092
134136807
6839620
16974665
24589564
28363930
42187451
22255583
27467558
33965754
48745583
62903235
67023520
67870119
12730293
25658040
135625
6340528
52750617
10254493
141018
19256125
52960060
53790754
61871598
63001714
68237301
-2696120
37821377
7800595
11751009
26105763
10037323
13988359
24823496
56505285
7485818
12721264
32117260
36000908
47737011
7343694
11503766
9316200
41694245
3079996
24113683
30092229
7746963
16246956
9114798
27113181
29318298
44069247
47624089
5685588
20814991
29769910
70281267
8236847
19057758
24585750
26009059
8362198
5918381
7791104
24519766
12237085
5174831
38290244
42797187
45948668
71507473
8745511
31875725
37837696
4816280
7005578
15531091
27661977
14289675
19543618
25265065
60012448
71578559
5051983
9168657
4189402
11225942
10151203
37318902
55466429
65158576
32545363
35345234
46574996
50679425
53787248
3660073
241591
14282814
27810969
56734923
73827017
90138660
92850178
95426059
96523877
100021623
37979040
4380091
10039345
51581287
11154314
4440130
32811911
17318974
8995616
19539688
20505168
239623
8428280
11167178
5779842
12263278
22629971
234402
23531759
12079832
6291962
11421380
22451861
40342303
53051379
2878496
15878383
21272132
11739939
21130183
37592914
40435384
7584118
18664338
30552382
21144910
33888182
48677313
66157662
70773176
73448561
74484714
12684272
11482298
6442166
7094550
41428276
42238796
48459582
8462023
25137876
27121535
41988576
43115957
47789087
57233109
27448737
21332059
15228374
22104799
30672098
43089119
21533846
25325430
44970802
46106382
4435397
17700849
7641353
8675315
13318408
49998301
68686738
73193093
73464660
84654819
93125698
137913
19172051
28268551
22566798
72427292
92201030
51140362
9728912
10878706
12121695
12772750
33439801
49739122
50458822
65434166
69136887
9217450
11188927
-4271242
45318408
49082948
53187100
73523100
75674286
267735
6154477
17249599
31058394
9871702
13119348
19042421
23560770
34492756
1830807
16548876
6757296
11928387
15238033
23520535
41024588
7197024
6604861
3032063
50853403
58378686
68953283
10040917
7840337
18496733
44171855
47601209
10353613
13753298
28936125
12712001
11397878
18490335
34798098
35086430
37595637
43614890
8778887
22426294
29698331
34715854
11877106
3636654
13328736
29999926
8742625
28592676
33044615
36115945
37408479
45870818
50049262
55134334
20314382
-1003769
36901187
39084144
44900149
45246918
65793240
69651464
79103309
91257668
53847750
57432252
57991944
67440832
69723397
72779983
87181273
91523755
98597321
101326813
22746506
27963847
17220242
26788360
28336465
32246790
57069152
66562142
5695185
8325993
19578907
26664097
12424054
7839079
47286862
61010615
61967453
75184708
79305878
79625286
84945574
92150348
16856901
17322185
32136891
46908875
51359425
22079182
27572315
38977955
51579884
55009572
57315372
20954487
24549467
13215065
12626954
47638463
52477713
52868596
14277376
15350998
40893383
41253012
41715031
45586601
32672678
33557066
66199237
68353047
90040607
110471609
114251504
124357855
133374708
134777884
135261181
143309621
10486054
14191839
17659450
29996975
38693423
9616211
18272910
32526382
40439439
44560211
7950612
6697252
38420073
38884024
36195218
43713865
74710815
78209431
78582856
91818023
110043315
115125207
119732036
4353684
25770174
16630088
61193601
62076596
94389229
248245
23437452
24900911
40803940
41415459
41415459
30733992
34715644
41492690
11451760
42992803
43712211
12540446
16817670
9570665
12582568
23758027
6616477
31754310
6004888
8090750
19922486
17995133
19883060
14648797
11779681
2214784
11618582
31793216
34766559
47980687
58093008
7725562
9014549
8637179
298642
12451403
26951824
100645
1189183
12277682
14128494
-719194
8774564
9530905
19246611
21072584
35420037
39360938
22574613
40715223
41609613
8369349
11626942
-1558887
6551091
8874746
33139196
34486658
41626993
45191546
56707034
15073400
26040203
45718094
52187969
52664144
57073687
59751417
67104149
68800569
430940
8688627
26822928
19841446
30565221
31091904
34992956
11312438
25609132
11567566
11889221
-410567
11804159
37785474
41258865
47810104
75477980
82168514
86808874
95606272
97272119
101866211
101866211
34797579
38268940
59417241
60708860
71481552
78049480
86352267
118718
118718
5592199
18227142
22834121
47422795
49436579
50185202
56186466
57444616
59169994
69462184
71839552
73003253
78902095
53686255
61750572
66165022
76254630
80393061
81957805
92836147
94220324
97092445
105927526
8218654
61597003
73265624
75781198
76162003
84400222
84662205
88305080
91076040
91571060
34347676
26003648
6515695
9686659
10446535
42321016
48133542
67735354
69181231
74894296
77736030
84028722
12697500
30752699
47743020
38723486
8862690
25955923
30529226
32925975
41133744
41378872
49956632
20644134
33226853
33831769
48504691
51442625
63533018
69825286
72828159
73092037
73947432
75383129
21918177
92534409
102687972
107079110
107401485
144429071
144940085
149528476
149758802
154409529
168389212
26061241
76936013
5601765
32244948
38125111
42656542
44638860
48989339
51885776
11766284
31627773
32002281
14392545
33623792
41370374
60807755
63232204
65355856
66893801
84431141
84877783
85118707
87210618
38991312
17516109
21926747
43237755
46099313
47309420
57164842
68085054
71426126
8047427
7490970
21378839
24049708
8905527
28114820
818752
9491320
24620042
28337596
32899114
35817250
43930716
53123126
62111133
316696
29106160
19269946
-3169097
9663072
13434959
26262150
5054806
17750917
20918606
13956755
29467607
30848753
57559531
66171389
99169722
109904856
12701349
13773502
7473355
1131357
11869402
46012775
50838938
55399781
26053495
12307193
12675837
13698577
46916537
12066419
25802807
30583456
36902580
38805200
57829752
60533982
13735303
5443634
20307087
29917591
41781059
43802810
44229622
33534129
36259525
39843873
40183002
8280224
20719806
46955983
48298556
30352938
3416146
17740071
28848505
47266631
8656654
14279537
25832309
102537
9973461
2578749
14231585
16621382
32029273
10806132
27570218
31912064
33474171
42892643
25586812
30244641
19373046
23608138
41860012
54498427
6837876
17002017
26194563
7060986
9742084
10635029
6474392
11336990
47696871
67172026
70640505
80693068
88342060
95518354
103294096
114552552
120877264
7221413
3867744
20011758
25176953
47529003
53322638
57716188
62324477
65239186
78955486
20377457
21819250
4713237
23959615
7262318
21828050
28672855
10495836
21447339
5876035
11149272
10162352
20050268
24285459
12029158
17902126
27081728
32117627
11521277
8079083
10174830
7794618
-1637928
21119810
49670949
61634781
70621925
70861196
82054336
91804296
92828789
9978664
37564713
41936171
7013205
8365568
21040573
22631887
37591844
43403082
91497
5594909
13311213
29113091
40317219
5302532
42369414
2475344
11571894
4108152
10061329
10687962
13254726
32766574
45034476
45802492
46907109
58249186
66678499
335447
7012279
15129478
19389847
24967367
8892251
11429104
30769599
35699496
39516792
4135609
5254692
9774898
12644327
16025046
26312762
47546484
20621265
11076627
23374387
29865846
7909762
25246538
36117876
43834509
49994171
14774336
305985
9110422
22273881
289669
3372579
15706153
7592054
7900682
10303003
9332280
36107121
7462018
10683468
16594092
18423327
49675509
11762956
17076517
34061877
9395590
11720165
5438210
31939743
52032052
54277910
58776272
62671177
66118657
52958341
59247449
60473418
64665110
71040685
176535
13958314
24710373
31487703
44059729
28485155
34591096
59434780
76658944
78653726
83221932
89161332
94836528
95837793
21161144
11926560
43869738
7017267
17469417
17747543
7779246
12611390
25791043
27450358
23339357
40556802
14322267
475837
31606971
50001831
54194567
4867368
6990287
9398137
16096512
19306662
22413483
31983825
17182707
33766083
41774147
19792778
6717239
8158413
27453800
27807849
35110569
35734114
37245491
88489
8177758
19599786
48893266
50475527
61299708
40375801
55915973
63218331
63484275
65111479
5318886
15636668
36017522
46966600
57583244
58946705
14752998
27742345
50682088
65029265
66731686
67206971
69054609
74967791
87230257
40626363
21310512
37574035
52141123
61206452
23913922
30997355
35651332
44611081
26754079
29472771
37662825
45196763
23097670
31590217
14114745
6468269
9849419
10963124
16423392
288193
10311937
20727915
10235031
6710913
29192707
17935892
21349506
32374479
38962554
48498268
60503774
4245914
7484216
6243243
42612256
54845652
54845652
60044170
68407207
70648295
80177929
4640279
7621834
29665551
59051677
61535911
72569404
75658773
79598138
83422759
94928898
100763477
108222806
108454366
32966078
90898763
3546871
7503473
16276884
17947354
18714533
25826548
31216148
40162550
43725990
20622192
28507823
41100693
45812847
59941812
8118346
12042049
12289614
14200034
19269164
32040772
407061
19868498
671344
8714520
36955300
55817214
72005321
86435705
93675873
95527786
3553166
12591785
16002984
23456717
24452348
18125551
42125978
8042757
7899643
19890124
29718007
38679848
166185
7527575
9598553
12628623
13301158
15823633
23260054
30897722
36777909
19470067
34860672
37268459
42334578
47315522
54557035
64300800
17189079
18230643
8070285
9293513
11381122
9323300
6177177
9574986
26285079
14649330
27359535
33289360
34770626
35911581
6863396
11793616
28750622
16954428
186807
28800402
5999126
6541671
21085618
39732440
16426165
33544118
37281686
37536108
7934304
4390587
10855785
37381963
14561736
33780118
34751141
35786734
42772525
53839468
126869
12052428
23044845
6505506
23313037
45012722
52347942
54302479
60783387
7784935
8706468
26129145
91415
17142806
29216653
2690984
19721465
4702432
11962057
17448886
27530812
9112281
22164461
35578744
37074351
5106653
13269042
6377259
19444101
10475290
22335269
41356154
43450469
8249353
12988806
15645476
16390976
12007534
11717805
63378032
66309517
72346669
73044855
82288115
92258540
93328342
93579528
20725742
12675127
37499686
48428822
55123303
62292703
72769090
73232571
79653381
82124695
86597396
17365774
31437074
59949785
10980451
11476913
17715972
36284808
36643029
41782147
3993581
14516721
19727603
16792600
24864805
42055804
43502027
68909859
110283731
110643568
111018341
111249338
111249338
26362053
26661981
18516594
37823200
1513944
4731872
15648768
34984425
36148304
45601188
69278999
5114487
5370806
7031896
54578569
14348466
23713527
38870083
46902113
53421736
62880889
5070146
16179828
29926112
38478892
49002708
52987847
59364505
66964815
18129875
18270519
22802443
52279166
8753546
17244739
14176120
13791944
35706036
50616795
70923364
71381482
74807038
75464425
78297372
99432898
99804147
6595276
26979007
110617
4287360
24570694
25385459
31529356
45110902
5525816
7873678
14391440
15118750
7257700
17490811
23402380
26268711
32558060
33421973
62570674
63213159
69649309
82729283
83752495
84001864
24739746
26319732
8867806
17935103
25574066
37981699
44455551
6463258
18909261
16396685
10137041
20573164
66107357
88234329
88566293
90877284
94579237
98195726
8900059
12264776
25983618
31662959
17598146
18093249
69223125
74036341
75501873
95505612
3905008
12682406
12682406
14416556
26607332
15237481
23570982
26149975
15369467
21874220
28875111
73863
49646794
62896763
68911907
77082260
30772170
34956302
5598235
5931182
10923130
19654140
32667740
39658917
59489740
62119199
68020282
18795476
18478186
27649127
29859569
43672227
13779360
16353865
26205356
29867869
35793593
56136666
59312567
69451779
8904868
19682663
11404450
12258740
8329348
13695093
27607306
11657877
15613701
19428247
20358646
13625694
4632804
22352484
29534633
19239275
18273895
23832836
33543589
51563873
58714994
67115227
71159380
74442160
82281589
93635804
16413985
16589815
19144397
23084856
31501124
57603148
61648367
62643836
75029347
7065290
24219097
14067150
4249456
17226133
19897972
22790404
8499343
9259032
28717947
95249
18984038
8607757
26734200
37360110
18063924
25486169
30517505
44181823
53064830
26120835
31753312
46346027
188479
22485256
14765191
21647245
8881009
9357605
1027618
5831666
11280881
37006938
43676431
46090771
78036
6424970
47754906
52534326
64904003
65207778
72427033
79892821
86492361
99151447
5768415
16278739
19248387
30650985
44686466
55837578
62883559
70328217
12827187
15479885
16086595
9400683
20211400
24582181
28777618
10922544
22863070
32218786
35682061
37801349
5452307
59716007
75000645
77684249
4207901
7724592
13185455
13441619
26258046
26579551
39052510
23172089
9496131
25008491
10965940
26856114
32151654
44195648
48484718
11729983
24574181
58475469
62562599
69628919
21554478
23549204
25681959
75148285
75507645
75726661
78776475
79279463
82556578
22143430
31573589
32000276
59793672
87074430
87374729
11806237
31617036
33240984
91421
18842220
13527233
14773197
28795016
90007098
91202819
93094080
4841638
6961837
11875312
27258169
7308120
14804433
21846977
23644083
24375703
7907015
23441912
24018721
8308723
11648323
21325852
22360084
34713275
37680942
44152752
7951261
14331374
17880253
51181446
8754310
10729594
7367705
60237837
64402790
10750252
21378918
21665643
40291152
7455661
11082342
15490190
6292072
9378265
21199957
21580800
31381439
24488836
18721780
30603329
35693998
44098137
60666341
68155314
73185041
76466971
24583539
20467605
17490127
60811181
73184485
74422948
2064113
3837084
8632264
28498821
9372127
16626366
7853911
14810852
20431815
20661045
33882903
38999343
52484284
61206890
72543330
78020670
79704961
36160847
55816427
56994265
13808638
18443971
37729213
37945639
38996736
613469
3768424
8381459
23489575
54254370
63844600
78569376
5311374
11958691
212677
29069024
53967434
8508776
17328363
24785761
29050638
31062951
38495453
48610281
21126217
8117283
23433716
24104904
38783849
50954489
66832945
6413602
10908911
15278520
17796246
33719154
29364004
49468179
55434032
56233954
69947318
82578872
96006822
106163250
113062142
117808483
122550514
124885154
4731338
19835308
12459670
27915655
31406388
45205819
65995654
66506160
72679028
87576076
87921194
93340284
53185801
54675624
64353487
77599070
80503036
97635399
98120936
103817530
107799289
108371274
21463000
42127902
64321084
64839394
33489675
43532388
46355607
50914684
52426048
9566734
17314872
28138881
28388601
22195071
4100563
12464574
34742989
39530756
44882393
58870211
8659764
12261689
15667016
23337824
12686526
17925884
12127972
8006468
8477118
37055586
43229831
45112014
45360853
49432908
60295581
19418861
48087066
62412096
66963185
93335816
99126366
99382531
100937048
104575363
112439994
112638265
6119173
7161659
56983250
60353124
7233826
14038190
16636201
26588933
44918715
52341202
69977630
70344537
91111988
93027406
97955330
98266064
108354198
112858917
117462086
133795545
29156521
42512192
55228243
72421088
78097809
89586155
98734031
102546617
103913318
107580259
25434865
17492234
65829463
74391147
78817506
97056598
122640668
126364729
129952757
136631095
136920716
138153486
47185468
24121801
48292067
48621100
53993553
58529149
13163209
14027130
20038741
34083618
44145901
10971726
39299577
70445979
21356573
21984155
36835480
43223345
56268960
4590896
11213758
34243274
36799010
250175
6207796
18236801
41488549
45783372
57705698
11160916
12328258
24358112
14404975
22273801
4190140
15440685
46180837
56670971
77644423
80465645
81790316
87872395
88106055
40517566
40872192
14063851
79210974
86040005
86281651
104183375
107262014
123685430
129711708
145472328
147076738
18859997
26574929
36735486
21414918
27981512
32624161
95867
40496023
12872153
24001008
27879990
82939960
91568661
99574260
101810891
7177054
13433407
37539460
43039516
47293141
4631661
35082179
54101291
57040813
62729466
77118150
77378489
88144651
92822249
102128373
16810494
62032780
62032780
69378692
71477300
74856039
92025216
93035880
96944716
102058800
106948250
45889567
60956979
17149585
26164344
41464557
43689993
48321937
55993916
59081793
18986555
10131096
12112352
38408986
50128169
19265328
21166220
25791964
6393702
7186274
8794126
10510336
25864434
32932413
33569221
36482781
36340168
43943881
74313008
74920309
7448110
15774025
21264858
24077419
31610153
29932014
11056573
33036591
4181485
10193989
14608016
25334015
25576300
34652275
37766704
39295543
1307436
11095735
17259803
6943349
20876023
17906569
22475007
55226055
10392979
12847607
16285218
20985513
33669835
5238556
22254672
31899441
7672140
16724352
19648668
23749082
24525587
34917890
49056240
52552888
83129721
97145691
98192725
98827993
104645832
105344121
47532501
61857247
12770078
38123993
46335028
57827172
121447
8083762
9566334
9145732
11002497
24742865
16130603
36855376
75644078
78009794
83013744
83013744
98317509
105275279
106332263
107652897
110420451
23848240
62038857
73736820
83165302
83453661
111244258
112085243
116015232
117084041
118733592
14084435
27882864
25101302
3821663
12994118
20831865
18685098
16526005
18699193
29056743
16103962
20500145
29581512
21635984
7904882
13856960
32585843
38723129
45955946
84354420
101289372
111607311
112940445
115005230
115831732
3151892
8369316
16051445
14144095
22262844
20857893
26158211
1056909
10682116
25667540
26680143
38920114
44206712
45797520
58089382
25309435
11774729
19468866
5492593
27677688
47877600
48935584
61780289
4593371
23839380
35328825
35989936
50159761
209897
59134441
59511385
60809937
2968508
7025396
44726172
45848140
47632461
57409268
58044686
18805728
8650457
230498
40137765
75191064
79730086
82485603
83081234
83578211
392217
14908932
20850789
22363605
23914216
28744068
32115262
36492949
45451982
47407801
58428327
64163689
75587894
109721124
116491873
137163454
137529964
139871493
145212706
153387067
156040295
161083555
165626353
35396847
51639424
83272859
97618799
98832386
101980799
102500019
113975644
116297581
120579296
20533194
51158606
59466183
67353422
70732714
25043837
28548665
52052905
55848750
68439088
75347510
85257681
100608202
101297115
65144503
79812428
89295042
91974251
98499334
106006541
108526789
111764641
81772256
153915
21408605
36698522
36964745
45225477
47066258
49294089
49590022
63818180
7137089
17741088
30070787
31786641
40667166
9263216
11947332
9153411
15500788
53224862
15813373
17361400
54279174
55185061
55477565
70824018
5826059
8015026
21803386
7064449
14582794
22845135
8659778
17745157
22042200
5749155
17786274
19227960
21477405
21991039
24465369
28444150
43845488
71522412
72500436
95334
5199192
15664507
23722298
24915667
25367490
11991534
32822818
33618398
47937465
72110551
72666795
88720059
93651246
110478
14724072
18963346
27985278
21404698
73090431
95736309
99505969
13656698
15285497
23315035
33658187
36241494
46976597
48771207
17091264
43151162
44985817
45239654
99095348
101239665
102218865
109119491
113971519
114586328
18966979
26090551
17548981
36767821
42423849
46226503
6716579
8950276
7762248
11050647
14578566
7632537
9921163
25105810
31820749
68817739
83404958
88153266
88561626
98702395
101517512
6735773
7145916
6541191
40263483
51527654
59835066
9159325
33167670
11330363
17352661
21136905
13369504
22319275
37479880
47078376
11551645
24083457
12912883
35483202
40324190
45995769
5585327
13557878
28119124
5545809
9495496
17587900
8747670
22788456
39350546
12637114
44481665
52447392
63744016
8314129
11562498
11802629
11364916
7395658
11475839
2448493
18344932
28020729
9030827
33251297
35227760
44786233
51909536
61179416
62886425
21674808
13251886
14790640
7721023
13435724
17895004
34658320
55401524
12442565
37867284
18186925
24720802
28675576
30728749
7546346
26451951
32376159
102789
74830072
77171934
79063346
79572628
91362282
95442290
102708664
105152960
109480989
112135398
98754285
111809295
124045079
135726954
143892277
147917611
152135977
156828659
161588094
163058245
24921230
88883422
99127340
7609239
22476510
40241108
43383413
47625393
48568259
52479063
9929046
28663822
26354406
18300498
398616
7443154
11073933
17103246
38535818
41905746
42684489
58406323
20855007
2928002
64180181
78330808
94924822
6492298
7764271
9963165
15192903
16002490
31663216
37821168
59425846
88538113
91117418
99372051
106014758
107680857
110242732
114431331
107515303
118079812
125496079
132729416
136831758
139944228
141981679
146304237
147775272
148945399
18271598
26538886
117330322
129880027
130179090
132645161
138387057
138998561
8057869
11283377
18125172
28785414
100444840
100990990
19543202
24353650
55753094
57355315
61022336
63570014
83549755
101250101
124879056
130956117
161357217
166673395
166990766
167816836
169898555
180811539
182636324
184188402
104729678
129227796
156784016
163310303
170744829
180030121
186401897
187774982
5972629
6163069
16240277
56590454
59752711
63562079
69519541
80431979
88298712
108791493
111988851
113676503
114673333
118607120
7202137
21821137
34568747
43820544
54011476
75089637
75315729
17427922
7399568
25295354
31762915
39067345
51035529
56610417
63964069
65544621
10887882
28644417
32491083
44361669
57222423
58959610
61054908
76217933
78654448
8352257
22593286
4788087
14903443
2877123
13214028
16083907
30547960
45571008
46524572
12255530
19084739
8667750
42268193
51769428
59113200
61816185
68979693
106266185
106626804
111988222
112106345
115801341
26588573
32901441
72628307
78199523
88226299
92487587
105176623
111656641
5706190
14703083
33690021
81847
47530397
57135611
85289363
96490022
104999501
114490221
125459101
139594616
5332041
18723770
14649025
25560452
44225552
14364876
19074345
23748727
35642343
6739000
10517956
10731639
13821395
29590286
28327910
10380646
6144109
21439439
6708318
13815519
24852809
31094656
57876137
59186414
65666092
73934693
81140344
18150019
24335659
21888076
23647179
25502458
59994408
83055508
86172869
97567888
97801109
6442846
17321961
37727528
4823769
4289273
5667731
7961571
22776155
24858985
33215803
35920305
39340859
16997699
22133694
32018432
4594720
34349635
52717893
60931133
62935059
65594707
74108283
13701834
24328896
31753644
7144439
31045595
26666223
37876619
41843108
45310446
54497241
63912607
70187463
9884399
15433661
31553147
4190800
54546096
74441841
74739245
85496313
86348346
88362871
20300512
23862843
40236600
8898278
17269391
8296244
22959618
39188690
50246941
55536942
69016991
8621573
27073062
35183713
40996307
18837291
56655229
73929194
77315934
82660563
85715811
101583628
5121333
9025401
16865903
12575963
15166531
15558169
27384740
33233908
42594616
49318592
64514997
68625318
68625318
24085458
321798
5448590
67193273
72896564
77607280
85135736
92295631
96142196
98980922
112246759
114650897
119295312
47100242
4687862
17423342
21272770
23423468
30963554
34495957
24314240
88665
5953548
10722620
33462505
35442508
41995540
8307674
21621663
25342387
31782252
61152867
62177877
79105162
96308028
99923824
100223406
105656852
111585195
114439592
119120569
6535600
21182399
7271929
19328908
9826943
13735199
42610284
51466765
5811030
7731608
16150501
7603918
17980982
24661227
33257944
10288158
24503137
11685802
26886566
28035092
31841669
16216851
18984477
31339089
68212352
106017177
118822747
136663016
138497970
145085221
145704092
153844380
161548645
9786361
9016304
26553204
27573581
57020876
66413959
66660451
19073608
21567860
17517103
5147165
13696509
27992208
10489882
23145058
44618190
50345541
22263976
17490503
23817864
17346157
17669426
23819404
28459377
34874723
38792873
17908019
16099645
10352311
31560999
9072905
21734425
24044342
8044029
9347537
12692552
21072514
23115219
10171088
45564008
17798992
18080250
18494098
6915493
16789135
20732433
27650765
36235515
8755019
24774861
49439757
61248149
63577275
67731674
70920512
77494855
84792486
89347995
77617376
86616736
5223887
8232882
12984697
22774435
29296817
38348420
6635421
61424602
61924147
62525306
74691222
79855567
85115797
90442683
95386645
9419695
23651820
35423918
46930086
48402953
5341763
7289780
32796439
33066109
23634040
27872874
28648623
19525181
21351241
22699464
22091319
24111662
24677790
25224378
17240556
17584673
23783532
24570393
33061077
53417631
7053446
25661657
19472519
40732347
6186223
26370213
29785385
32944827
13410156
22162848
43595784
263274
38742835
42763623
50558633
14697347
22656250
23634791
35355606
42230382
51138467
52610982
30654282
50487407
52216782
96966
43977469
48619468
16711625
47636140
171781
14267639
31902236
14277824
44752060
51354456
20780713
23308244
34531010
40095437
24778287
17626090
14235252
20719495
21598881
17387705
19835173
16517864
25374336
20793903
47205912
48958840
28768355
43447229
44159842
18800789
24122138
22761475
16467956
33390773
35049340
28080123
34026602
41139485
14436360
32463804
8394368
8608790
19299347
9093657
17582213
33296462
9359929
31922112
36021520
23965562
56022516
115918922
116294773
117589574
132933862
134149256
23524198
33292526
252531
16895793
43254224
52447088
5339701
8224406
27482627
33232581
8064561
25827020
12381601
18250255
46520027
57534283
60712154
4387328
20812198
10928722
35593822
36664931
37580505
20044817
16261335
18656563
59746303
62246309
67159572
71156557
20556947
25142064
11529633
31361076
35130300
37129833
41301759
49979574
17231729
46731777
52783824
73433407
73643660
83988367
87422790
18440408
41056064
61436632
77151853
77910440
78707860
19319925
8071470
23542888
11977739
17880132
24668824
5840513
8606701
27643250
20262728
16579017
23462574
17898509
29396514
50597143
22236320
19599699
14974036
16944126
18934618
18823627
16002601
19460537
16574365
20478834
23069374
24949962
28634181
31593044
14562449
26749059
19453624
14723170
19551896
25664538
29950542
26399928
29957799
30381055
19868781
8193763
14880499
99579
38572506
27572601
20808447
13729410
21432163
19776767
23961675
17488876
24686208
24518819
26358611
19812511
17205256
22937103
25769366
14207568
22596038
5711646
23888744
28398027
31195301
31795856
36902093
44449899
46216863
47779884
18480745
27753193
8932472
19490142
25687271
29832668
17291970
10852740
7547709
10455157
37685207
6380358
14083079
27357177
24661238
15963218
27775972
11032727
18901417
13701128
30701308
13766129
30725174
20685614
15784742
23238505
39183159
13692551
25352115
24813819
18660177
19661274
24483471
23787825
6957878
19063810
7799303
15770668
24237822
17841092
36275672
38449394
24942294
26736639
31155290
33980375
35604866
33218003
40925085
27049607
32068933
16502662
17469631
4959319
17317145
26827037
31813592
8169933
16922907
9371295
10139753
24907999
26797064
19543904
42741712
46371920
68573652
71251229
16245508
24731117
8725350
34625033
39181924
19222283
23097894
25293628
15747300
16086475
20003023
15669358
15324688
25160442
15430701
24889887
19906181
28740365
15099703
18969993
20886412
20500226
25090619
14127659
21299220
19826914
20733009
16815746
15968850
20057484
27729597
19803184
24560614
18751634
39258718
43508241
22094027
27105495
21544193
17134498
23028842
16090227
30739453
39136029
27332751
20572409
27183227
18839641
15383441
16479730
15766118
19464435
23094716
20899740
14356688
14354998
17359152
14265322
23908071
21382856
13748740
17283393
16460250
17413741
26458962
20764764
15627512
8605920
18930916
42047361
18979545
6045159
21461242
16936631
24126248
14190277
14078133
26288455
17747926
25168293
15901881
19056336
22840189
19259960
19755243
17304019
22094572
22874368
14527739
19042051
33976290
19114626
15994947
22311805
16351808
23058205
23216786
26950328
23624290
19715562
19249493
19606418
24426692
16634425
24977215
23330623
26721673
24143202
15610792
21405501
23365515
18881059
15541902
112803
20673360
20541218
19522362
13045443
15440409
23072890
22794414
24488726
11602859
28903902
31706455
16575327
19392607
16645139
6253710
10140557
22238891
32677237
29061794
37219939
10497468
15955751
13235151
22278337
31895298
35127319
16191451
19050781
26526880
26877751
6472863
7557604
21165399
27885480
27885480
47949764
50706279
51212436
10079887
58156072
65664605
67624535
17224342
58431396
68310169
72322205
74774428
78663425
80270658
16553776
78551787
81033035
81282241
85705207
19841814
14886537
38661818
41534240
46333237
52007217
54709791
18882695
21254020
31241995
44055216
50572310
52042208
57576047
32326203
59217323
59481320
65707474
7720472
33288276
33969681
20600167
28839381
26963306
35892229
43857589
52908318
57933913
61264648
10205771
27546228
29011701
36992786
39293073
18909157
37657312
66926713
68170875
72725426
74681873
83071778
58927205
65082685
66617300
83638302
85574227
88305600
90150229
41883521
49839933
58657574
72120672
11732506
14703139
24304522
26328249
32457273
44184498
66260427
68613328
70106363
75080480
64441854
87180783
92600549
93240758
94249027
99321354
106604761
20385421
64984762
10599976
41268883
49542820
59997656
66892001
72768404
23710825
169885
17248527
27623665
38505481
9245867
17681639
12215418
9657227
13002495
10602091
11554976
33509879
12894008
15644923
24693871
26950487
37045863
17243925
17246628
56010909
56561044
62420329
62623482
69949560
24335091
19052452
24696845
39218152
40541648
42207830
57124818
23470605
12848897
34462566
39686021
6541803
33998153
10864095
20375597
5792250
12134632
27312564
11713967
16108651
23047978
38831324
10947166
34693974
47658714
48001962
48796899
6454968
19513786
5982942
26734341
37790416
48062119
53228069
53514856
60047509
17448704
43361002
9371603
17322224
39244718
44735761
48661492
49225870
9764161
28565238
7481911
8762623
15420171
18563458
33961989
50349660
52467550
26918508
33054541
8563766
29133435
38259549
54757360
1193109
6117431
27309843
12854896
26825421
29548421
31004198
10282181
10131571
23743977
28503333
36247721
33921987
97511
14411852
37558473
11534609
11926531
49915504
59795556
67117079
72468676
76122924
13413383
32111504
32960560
12343671
11296791
18826767
25043324
46071290
49438834
50806524
18789357
15418471
28546762
43870710
47913521
50290814
63200836
65780004
72832576
19732749
15114988
36005386
16259663
16703723
16963690
47443521
54786079
57951199
59505938
17183189
7606621
20686675
25813721
39093111
46823168
53854403
59324498
21137813
26116761
30649195
42639090
46796621
52285767
5522978
17817136
18111762
29673378
7533186
21203912
41447256
55169323
57702027
63449458
10923311
18091969
27074742
18745961
6676008
28176009
38710062
5816477
11947379
45564636
16943890
8270433
20673510
4195899
14224023
14133370
14457407
21789522
9233788
12445402
14033712
31113126
48833314
55782482
8488904
10140744
3641756
9078682
27741908
3706810
3187434
4894614
10180506
23260010
30762231
9446161
16428548
18030445
21666275
13369459
22601699
32942079
7552280
12517449
11563772
21455873
2542053
23052671
29321446
15392365
17928861
20320455
8989188
19940548
19827820
13542841
19604771
21999577
25245804
3980268
4211571
17942336
29767298
33998400
37662729
17595660
18367176
23952869
27817882
37790589
42026397
35199442
11078697
45041961
20708334
27033126
40898181
50565475
52392643
59644040
64473056
68148355
68466111
28222445
77807606
115831545
123937577
124771945
134779639
143293554
153073024
155481386
157833378
110339502
118116934
134718420
143961496
146220910
169367773
184676270
186773562
188738099
190469277
5899497
9532858
8988362
35228670
12477214
24022717
14960280
10781974
26527001
26409544
31563416
44242198
1594623
13739169
19205673
7617737
9391529
28681198
4601031
8870749
9904210
4703495
38024393
58068050
67205403
71385696
5861172
1595342
5115217
6737219
19263851
3590835
45058837
47653523
58996052
68980019
75714201
78811716
79014345
19830493
28018100
40029573
17435744
5949914
5949914
27757540
35719326
43182187
57262984
63840659
9357207
19216911
19752139
3816786
20887327
17867161
20311319
21820279
30157751
52424664
63228579
70857998
9442519
14091444
5856378
10215247
21109777
58270132
60925611
73265880
102462
367532
11859509
14006917
29132406
10199514
28558120
7649550
12373931
13858230
16117333
17118605
25593483
27401131
32540947
57413218
65068974
13331103
14397733
18597949
29933860
38162097
47271819
49191061
9385590
32159463
42722079
7593362
8448476
27817377
37835220
11004624
31082684
43045253
7917841
32902303
35673187
42050698
9720165
34961498
44630117
48058254
92585736
103701892
108130687
109217929
115953275
119710025
120522850
30208976
44629815
55397697
59886216
66410220
70486084
82015941
88660759
88660759
94690571
104731829
118157156
49856767
23095028
35394240
45505782
61706484
67988853
70875766
72477216
74032043
16179599
21551195
26876774
31294324
37284949
54302631
69564295
75551914
76580839
83180486
85451159
86723781
328754
25789150
49556781
56250497
88004681
96687848
104486597
104787369
106972948
111533908
113365044
75149924
330414
12525368
26850325
38862489
41231250
41487621
44058089
44444111
46247274
69605032
83116134
11866804
21978841
26946580
37268370
54124254
59931186
10732057
8797657
16589062
35231408
37891110
53624181
61991187
68502066
3859721
9128352
18188443
35286633
7312193
10896866
20239370
4928208
16142111
1790896
7011493
4306098
8230857
6031579
26868122
8897829
4153951
7429955
28170333
11988927
19537245
22211686
32897020
8959498
47233639
48538641
49090314
86869765
95862882
106389112
119356890
119517275
138755907
139126863
149248232
151078018
152374125
39280696
62506876
67658614
88646886
112799986
117418705
120206967
121254309
121440539
5513411
14535766
19883958
14537382
12518030
8669417
7153292
22245584
14653301
12958160
27481940
28700270
40232155
41652902
47178721
59153244
60518435
65822235
12326183
54940288
4289067
26817337
31125940
35082629
55900817
57522497
57997338
7369573
37329215
37661543
68912736
74273554
86458175
90987799
94936824
96326660
98189422
109649614
110901036
19431835
64370089
12272119
5332914
11406704
23365082
24671004
29637389
32874291
40455267
14711593
21950146
46814661
68223703
78160250
91029464
92385121
5736148
6207388
17730186
25290291
17620330
4852109
11922384
23262765
10665173
18921079
8639741
8008337
37469686
18298582
21505441
33539890
43810796
57737628
68611467
77571907
82451804
90781691
65783987
90309487
92150437
97129886
108631700
113414135
122791187
125247766
125535275
130007541
24782700
64350162
74763755
82691624
96210663
102916215
103545864
112525711
124157473
131827728
135006185
6713394
11938842
45671196
55599281
57319068
69072114
72189970
-4999662
14328567
23022740
28287731
58646481
60571284
22952111
25139900
19094288
14583322
28013968
25016995
23608141
20351407
15149355
18369521
20578858
20159830
7085152
18520990
24682117
36820208
38430195
46468928
27019245
31547245
37480311
41474039
30794691
35385717
38182153
39598069
26466863
38020875
47267839
19250756
35496264
39499289
27701676
44046207
49236440
32917109
33311116
33393944
33604777
49152654
62351142
17209986
28144210
44773105
46969502
21553226
21287306
33447800
38320458
40197203
55469690
64374973
68096886
71448370
22995790
45550821
48774506
15933347
35698250
39299932
39111700
27641725
31054402
14039818
23605846
24585134
13396602
22217380
21485822
19932769
15230131
26912647
29407837
24123858
16636754
25115000
20621583
24653352
14130400
19684641
19075641
26958403
12132172
25718759
27375700
6682519
26995180
24730986
23310413
17499607
4837094
20308955
23393246
40276420
46570005
56436709
17150775
7958845
16859070
9999074
15901885
33950385
9089931
39371303
45166926
46094739
25137645
35657621
32180379
37666424
43936262
51806593
14639511
21385637
5731232
24457750
34605177
46479691
33292706
54755997
75220785
75845438
84389809
90403050
8804048
35760829
13397981
16221087
27183544
38681248
40287941
23851570
40680188
4120687
17569338
22752708
47025909
51467321
17177603
23692604
28237886
45948075
46412705
32633758
48237673
50623705
56725208
10513732
38472029
46153161
7087759
32333181
44848189
58084584
61205734
64517239
68112444
10306644
33240069
54555931
62133369
68542060
79929926
82236974
83388322
6633019
21450084
6682694
11918075
45544542
54016063
69469070
69672438
33165373
48851656
51228082
14063472
13937493
10534927
12281897
25408081
37277122
52218390
53538721
26430363
15319083
8518018
-534923
6659935
4520947
9211684
24624704
27479891
43103374
28543399
20194534
22961696
43542812
44947434
46608037
55147463
62387348
66858755
24082144
59139648
61601326
62520202
9504696
21630721
23895849
10742694
21212165
18864936
21686423
25322518
27915698
31410834
36630276
43758283
48510888
52477852
22253260
6477553
18571384
155311
13248354
21916706
18427858
8021633
12149819
29086227
39404466
44091039
6234258
12000508
17499966
28470566
13216044
19117679
27298282
31953354
32744954
39209034
40676973
50508746
52431411
7581993
32925761
36405374
31287124
351495
9163065
11321372
19218280
22641498
7033001
20226104
23715014
24725856
13354486
41387597
43457332
83890854
86825693
87797107
91733215
8190471
13258621
18455204
27103427
37476414
50354689
71146366
3167112
6637579
9685142
11211944
25574705
28998981
35501856
76793
7642436
54742076
58853891
12972780
18592686
25758773
29028692
33788284
46412331
51752898
7863075
28626806
26316003
22243693
43700494
53815002
14732883
22460534
28238090
36825878
42494421
46770866
8890568
17941811
9358161
25817560
40406930
42181820
58809599
60441742
35130239
10371727
23437935
39922714
40255656
21188406
8483946
24065214
28994644
10354094
14576468
19668338
26916741
212381
14063436
7200407
49604549
50705178
5205603
6593510
16873118
29505726
29669977
8953781
10030062
12326175
24519237
40482320
49911520
69688435
74787918
80782215
101632185
101924991
102078479
14365742
20746222
10756113
27043854
5815163
7426247
37415680
39696028
45195138
51904452
58531071
24087116
26563835
33390386
20323811
62685971
90701284
98258126
106455219
111426032
1999929
8829883
15233367
22366880
26704335
22855002
16937639
61380488
75926512
84163177
98191671
107459665
112197553
120332076
120727569
136548518
139108821
51721844
55443187
89296225
104838241
111201538
112192043
123398054
131983294
135212145
136164660
22233203
20468181
19750783
27223750
45001236
45287071
55055429
70493262
73234938
89266452
91350550
92511266
15448086
32080140
12300745
44557908
46100998
99628
17646875
19320811
19824172
27384834
14426603
22050178
24827373
18289660
21267042
27924767
5032680
5418466
23263711
35761821
46912248
54969424
66193932
23287745
14687267
38059939
43401834
51830218
802639
13825834
14608400
24704178
4099972
9384963
15368939
12515361
48309989
70536848
75640561
13234521
20883121
32766259
14136161
14503996
27881482
25976464
33888061
26812328
17693601
19770300
3866004
124622
23899683
528008
4802300
6223399
16174706
17359599
5647052
9108846
9991417
24379236
11417264
11354885
17149042
3376175
7177217
12206610
4677363
6886882
11787765
19344991
25320876
4984597
7964333
11684952
5634432
14175216
10032273
10750162
27904559
10851475
12819291
3623820
15212854
11356427
15558891
20116882
354026
68745628
74398964
83336182
88346646
92507458
1518382
6127826
20908541
6211059
7697926
55031004
60866782
64792466
76848901
13909835
17348149
29600966
43008700
46378795
11938831
17898964
21636225
53708942
60351083
70771299
88248336
110232165
112362231
118134985
123217123
126545993
128319393
35492431
46745005
69901915
8151182
34893286
77159
8050060
10151229
14666567
23999489
13646212
19082705
8835955
20368079
37613556
71745234
78944232
84145175
88774851
89005471
15209553
6066746
6729008
33053406
35432649
20648058
3532708
34094427
8788424
27038702
18184172
7656168
9121722
16854929
8563487
13466463
14093229
16648627
16648627
19343265
25503262
54380481
56268346
56505888
19325109
20917155
21221918
53608886
76494050
6697155
11768950
14064196
7638381
7456168
10897422
15722628
4578980
22523852
8943085
9850278
313318
8159053
25826348
6323864
7586818
6842881
10586870
11408615
8765721
16794937
5510600
11118445
4623352
5231152
2661543
8176458
37704447
41615867
38558290
53978313
57061884
1904442
15141639
9968680
12969604
19165069
22021930
18976892
24576772
9905692
21518639
39231580
57575286
11812365
17801356
31164876
37575468
40370401
45618663
46954836
13795861
26842135
12764670
47729045
61909482
80722137
87200435
93039737
83751
3813749
12809482
23568071
15950237
52503649
58995379
70568007
76131884
81252280
113994059
117702313
120760420
121471964
127600638
21958044
36450107
10973549
5234268
26600549
23891986
6108348
6960795
12795105
24141128
27175953
11064262
25931128
29516526
194175
30008599
35040654
48470576
59410097
60104310
68577211
71006929
84320524
86282270
22104608
58160975
66374318
75456308
92383258
95828431
98088604
15587240
10433828
37210645
44498357
53935793
54128650
57601893
17363501
10483628
35360527
9966676
20879486
34143719
19136904
32818947
34398491
38247032
48517612
57137489
62336053
7770134
28559884
33221028
43615476
4181568
15567378
27261647
31471071
53577219
57000869
65179261
67541794
18786911
12784224
18629870
21692147
29791038
43787859
53196585
53716285
60822354
64021597
40972226
51701586
51701586
29033027
34462910
26442132
35474610
41239357
44001113
23130662
29436582
20726821
14724646
18974796
17718494
24546576
20377470
13913062
21145079
17078311
19508297
19686092
24586043
19938536
29455707
19724580
14114851
19188365
24817706
28833943
14208619
21050622
18941758
24924331
21128431
20357424
14493918
21817471
21535397
19174490
15994593
26533373
15535387
14333524
17672210
19699100
14528585
19484903
17400133
16846918
22724964
22147748
15886986
24523520
25112292
14613675
24531437
25781966
20443778
19020293
25686190
22635521
27354937
27356000
28787653
19288544
23040344
22767546
19243995
14784272
17386691
26798258
16111057
19229676
20665402
24698883
17372991
20211034
17452109
22715075
19845455
20580346
15765518
24874359
26321054
15077233
9104446
25297033
7049241
27729662
6210549
20775444
18667828
76180
24237406
40499513
45180522
19660224
19937432
38020492
11404531
36336933
52354774
95915
16224298
25274144
21703066
21691768
8003906
16113794
38444553
39401776
24590791
35472700
16397592
38173073
39023800
26342016
43176702
12740966
24530774
9564743
15768226
36309715
38103528
19116303
15239029
28584429
18070160
24796938
29717662
35718193
6369504
15188269
22577518
40745903
43108625
34863755
39959506
29518483
41516809
37709128
41579552
18820176
30540843
38873121
13682024
32726025
35872770
36862029
16840857
33821825
19640128
16561333
21807695
17826998
24905790
20110142
22879248
26321136
16305300
16826421
27147498
17366271
16064932
22944654
23236107
19610308
24483599
20507267
15570146
17409167
30067053
30739844
14837766
46126632
48176505
19819794
40196247
41995473
39744937
42363530
35676940
44016743
21450217
24442366
24876337
17056596
13859369
21718208
33070963
13652204
26492181
14210114
19300394
25316493
25536151
20758691
30600595
33941544
37204279
36624001
41280052
21043668
24694995
20650613
16798640
19725394
29694253
16860544
25104795
14443681
29817870
17042184
26469227
17440138
20935809
17758967
27469980
23295274
24414537
19721633
20916425
30838067
23710331
20351523
13874130
28793300
14742266
19232654
18939760
23515702
26445213
19589039
14480809
40311388
27332715
18811633
19393567
18824762
19712260
8385896
20804477
21129174
31787006
38296975
20872826
11177068
29383809
33091898
9618815
30899374
34709070
5809798
24399291
31536308
33518043
46967754
52072372
52284543
17328558
14186458
39884752
56482805
58440506
63198801
15829070
27027280
30958510
46620439
47720725
55108216
35352420
66538106
66810819
68031464
27159786
18618449
4353922
12917239
6826897
28662565
33554258
24585174
10631003
32860737
54296153
62875722
19943912
18701133
71634
11933995
12989184
26316678
38400869
21187911
22180422
32813652
33688465
60957428
23618560
24589382
24165854
9150691
6744333
26981178
45646608
46751320
6941557
17621883
18022032
8755673
18856077
12975197
16278863
25907806
33384296
40473506
13631444
24456202
30092918
41443650
52640984
55250834
65956185
67701519
69800589
9958524
40405182
62456132
8516473
13535614
44136367
46669818
7042317
10562844
14139476
31170436
23842009
27584472
22529142
14739867
24453475
31934547
41048953
4184931
6681408
14937642
32970060
13520795
18645219
34875122
52929660
57849232
66304262
68248873
21160811
30905332
65703249
76484493
81125968
18785028
23626152
31070542
14066455
51554297
54810963
61966533
68541429
70206127
74169687
24412446
18102288
60810058
61085531
61299907
63253087
67801251
69648995
20609083
22068423
41376850
51063519
52128144
55116866
57677187
60086773
33018737
50738072
12775848
15635868
24453828
34431924
15682197
26346284
7601016
12699116
45829912
58481333
60421738
64192668
74170186
86648971
92461970
105688313
112098857
77019356
85766766
91421100
103262974
108404785
110573960
116947756
118890307
121959998
12370138
22663436
32000611
54548067
64228260
64228260
68437938
78122644
80102277
15775056
26033619
33353103
5681031
6913535
32759362
49563748
55791914
56691945
19928019
22174993
4851834
12346077
27636633
41070027
45711476
47622349
27654227
49041355
64555841
80699419
84736525
85801414
89279879
23834633
38495837
63521967
88944350
94924044
103116297
105670376
106890832
111434574
26089282
32999585
56559715
62409876
65101037
104545540
87995
10937752
19256876
11034390
31043402
9906285
15165768
14959902
22738205
28982836
11179886
12761905
23391322
38020048
8498840
26107156
32467980
11257731
6931738
14260479
18950657
23233904
49220396
6279548
7050134
7982088
23654534
7061594
12839756
11351021
14717483
39430090
49724624
53014930
66231649
72320377
73767071
13612275
8679892
41936523
22854333
49755877
6091325
7930053
12443422
12678313
27543753
36652140
61993977
84944776
86188928
89328396
7468830
7675604
16495881
24886968
35737016
21611614
63577749
65398736
65398736
79327510
81358668
89467227
94991445
95466383
102973552
25742492
74830288
80096169
80486208
92943042
96758778
99425644
14722270
24352229
6169471
39807525
51258077
57655537
369242
15808891
27369737
30240423
30834995
43713407
7687210
80085
10097813
644319
9423198
13685185
32724393
33486147
44299838
50618989
60302396
20688771
16633222
17117611
10431774
47968874
64806551
71847428
95624
5484652
6977523
20966711
8698275
30180175
239733
321822
9320803
8187697
12076621
25529925
31554890
33740959
19381211
16370088
11872258
8272848
17091071
20875925
56236077
73161391
86153211
87536878
88788863
96637675
113599
21010487
27166508
8866331
14887136
9655067
37082497
1364934
7571097
7282052
5947148
23311024
6991552
23411246
11129060
6536357
10357477
7474602
16045714
30823775
35614277
35932381
33572391
39893302
42742394
47956824
32334578
65174013
74741234
77175916
85579350
86417146
93178773
109118276
118742552
121775388
68457592
77175463
80357348
17978960
20388577
26775200
31436141
8863299
31299234
35305143
16726434
63616503
78559432
79546441
83848434
90599184
92952393
98796794
98999412
43282160
78976323
80268441
81769524
81996320
87867802
99151525
16425833
49847907
64714374
66509871
68445431
73997380
51873863
59607840
62704447
62998462
46482599
54905971
60058135
18995413
21546946
15378175
15261890
19021522
27195227
32760950
36122979
45439050
49649840
55058357
58730288
51531857
52866195
56785030
59749611
36476695
37558338
31326759
34456103
43862531
5847346
58130151
68598000
75795260
82424134
86238865
19984454
60530100
61571447
67459350
79675733
79869411
17421567
