64339311
26531017
23495892
30693539
30060845
35841142
12163462
37983062
9500054
7983294
14490788
4119620
13988495
37387465
190250
17888942
19816747
7371629
11817620
17316986
38267657
5408182
10138752
22480314
14946831
87916339
88243676
74115
4446736
45034402
50079498
16165224
38485311
46210693
17348437
28621946
39417124
17086477
21677353
25579862
91131
95772345
12850444
16629891
19151356
21723473
26740312
38580797
42624682
12397113
20150791
44843346
55295148
63664828
18173649
1555108
4451209
9152448
18302979
21875948
23813098
16509646
23321893
19790316
21935692
20770130
32282433
33340557
34211528
1771679
9953092
13432276
6029918
11531336
12124236
38192798
43983248
7234151
10169444
21950072
28130100
4567301
17282946
90146
9126023
18772792
9508863
15692967
49323504
22541442
31931284
62967461
74439998
74979799
90936614
5995391
29538877
13235430
1753070
27873122
56363713
70761019
10176720
13536685
21298477
7042838
8473390
27292118
10240232
25197147
9540885
53280692
42454245
57295921
7923242
13276746
20228317
25784304
4254529
25288009
12924629
54124042
44826825
55250536
17086455
41326287
42725282
9990370
15334923
20255041
44914665
8635367
25750151
9600661
13769540
16515196
17446842
6575773
23691920
27253412
3927389
52070907
54143200
70487810
73197406
75998691
11521909
12638870
14905602
54439840
55516338
60107012
65692210
19446000
106573632
119729189
126568851
7507140
15133149
28667698
35872141
42358848
17103914
24368825
5586033
9166917
79359887
13668121
40181046
40869426
47560908
68979145
71192171
17788954
23039975
27372384
42396875
63178735
7723831
19554716
20552437
23618182
28529100
29522220
16739181
25403377
29121586
41233674
6325207
20774232
22665494
27254834
11565993
15526835
19640630
20462856
30887614
9251499
16431854
29527347
32460199
23260623
24679294
48878605
50664152
51299301
15010516
37922450
14484454
17418503
60536144
78210318
24085811
3807810
6259797
11018565
26178671
68145318
68770817
72158378
139986682
148170958
3062467
18437792
23447755
28431040
43310768
46992289
12728632
4822144
19291961
42794242
55521600
82529646
11090671
4773535
14352651
16336064
17280049
20225987
23948215
40559494
63227344
54379436
61668220
71490648
73373373
76868321
75304216
76535421
82632268
94904572
2943321
5195229
7436836
23396631
33743166
25849120
36898635
46203431
95746750
97774332
116863172
117380003
120364528
130386672
15274011
35212374
37673458
18284812
36675419
4835557
5888277
10405569
37279725
52753425
53262757
66974261
76033038
84727011
31579739
33694572
8268321
18638753
23421840
28153249
12087416
20670796
26174750
64697635
87020114
94033004
94914031
77830453
22480882
25298872
10399544
13889094
26945643
29730416
46047374
48708030
52353231
26300672
92038743
31770619
18182873
28043734
39217932
8568872
9186940
16901979
30268608
32629164
39915560
5702431
55505254
62320918
83788069
4685571
6173029
10051254
18536830
20705655
24808106
14225851
34958168
46458815
47951658
82240
109120871
111018459
15414991
33487779
41022999
50317619
59136122
60680771
70369304
74445082
45516546
48123222
50602287
57615340
4587464
19967126
24166396
32110747
50465097
52552353
64814343
9246386
4509340
26160833
35059938
39461610
44034083
54039606
56268777
66185133
17481960
83428021
11986851
12539770
12959735
7635594
11624529
18629476
37563275
40485180
9737320
17323027
61594850
66731721
4050367
7642724
3984654
15224915
19715541
30966363
39443732
7141422
62065993
85626047
12164901
33170588
36417101
36924791
40145331
48471646
10761964
20342966
25981973
12327974
40068715
17113522
34726718
61669033
6550546
16020027
16454321
33249905
41208151
46821296
48340457
49689679
27583908
35513306
46278439
9224064
28122524
31005499
46080575
55456908
68968
6153574
6525274
10989366
8537081
2280749
20527873
27651152
31666804
57864363
59690799
13192243
9080144
15593977
15773042
40132109
53271233
58934098
17921763
22524794
7038893
17317229
7611182
21812246
26365399
8216923
36097059
55623950
15914304
8325807
9406748
21820800
25183686
37005519
14572412
11277491
50148435
15491641
5628443
17088270
35527771
55853976
64419025
21991069
29830511
5385694
51747537
69581476
8428573
11629073
12282181
17378071
4299224
24579276
41224965
53357011
12859395
15125448
23968010
30850656
31232628
83931432
127927139
143900474
144129189
14418210
3816780
12410911
17994872
10719461
22013866
7513193
61205144
15933080
17403015
5586413
20586075
44215349
8923858
14731571
14258705
5829294
21249439
18376028
19729933
41690484
45992355
54736841
11148031
4935117
16093652
28067385
17070349
23242967
21937839
35546163
36739608
44916028
46368770
8180651
31444347
46016184
48319806
47957702
5714762
6493365
15356285
19024408
28746163
39266536
22910221
30457158
31383900
3718174
18730032
20214276
34547653
35597034
46540414
14886804
14646241
29242740
17155644
10529059
30721583
38235582
40024087
40950112
9670293
24839874
55384139
11124863
4791832
20204183
20753548
31066371
35291599
6259989
12674585
12647990
17813920
53769934
12045858
5979030
9751407
26229434
26695836
55920530
4814651
9395243
6275673
24358953
5611031
12785379
20028625
26618687
50132473
57142675
12066806
21653398
8255046
21299415
9461649
22676963
25088943
31781243
11296078
17463873
17735944
27457798
36881511
15011297
14438196
16852814
30463109
42616202
44508529
55229121
9627252
7693209
4485719
13765649
48852826
50876372
59008865
79255368
81931587
83607068
11123227
14997808
10742817
20780438
23215809
26578670
11562527
12458777
19572769
21957608
39406075
53741085
15806323
92953535
24705264
33319141
44343416
1804235
14804029
23583340
30326872
7074319
14845243
8768022
13251514
35705926
5846945
17596445
17992174
4897741
10219386
14379301
28421623
46455058
47527397
37529243
7213077
26640204
25904406
32789320
34773970
35412236
12513825
43183148
46965113
22085474
39016191
42162763
45102075
51454053
10371441
14431189
31436962
56691046
61199797
62878934
5682534
8385618
26231260
11761343
18988602
25121803
37573328
3062074
16871050
18936383
50121831
50564941
68120
5406080
22505950
4408436
35827915
9857764
24141659
34531194
43001948
61553958
66091309
68253620
71569937
24707286
10471320
11751417
17959430
7418970
16600699
17918978
15261614
19315453
33612889
40893943
33006194
26224036
21605556
10515295
13957091
27776961
38022738
12945170
18312413
13065689
31906458
11751297
42542251
50371229
27657845
4341386
6565926
36696153
6585118
8206772
32627207
33180168
4862014
12792130
19336342
37388175
39484208
66772217
69621854
75590779
7498061
33168592
33811645
40651804
52925815
10727794
11996809
55308687
58017442
17335255
33771854
44984828
55638013
56654828
2338557
4731909
27648369
33325587
12250040
14889608
18479085
3473021
22424181
36007380
39779860
9257447
49958535
4011150
4655117
15057267
16952349
37219822
41284100
51011060
58381356
63653090
50559625
57082946
76114
22219135
2005636
22078252
60026929
62501575
2478379
9363295
5723449
12876822
17421064
6685621
9202820
39574426
45563123
12257786
20348507
43073503
9765299
12739117
33769994
38867094
49054920
8837723
27716535
30257841
2875117
26128701
33982826
45812605
47823492
55111382
63025942
71938344
24004811
15528071
11000242
13801001
35383929
12326981
41839296
46574015
48462145
8396905
12510679
14594304
5046094
5414125
3227647
44728206
73932387
75752723
7948564
11701001
27043670
31344569
11003150
11958120
6536807
46490667
1856967
7116159
20561757
36322022
63765570
73491989
15059860
19349680
25045880
29886972
11235183
26653267
46559114
47388299
5468634
7242012
9079845
6876018
13410715
9344480
12831359
48106349
9381735
5340355
25037957
39307330
48212628
5601533
11479070
15105193
13434226
7564349
30042145
37147206
5874158
6353858
23352756
44404398
8101703
14264511
9144034
12735785
31742145
16158654
38969688
45640866
47097391
14132882
22095228
14321368
29899322
38876511
24185154
27479435
3720765
23107681
31152629
35844381
39126825
54783788
6348057
38662662
46748874
10025667
11277768
12436932
5996350
11977226
34412302
39066506
50521267
15598312
22091326
8892325
50192662
59838434
21702613
25983876
42658886
6156544
7602299
40292588
41581365
7362804
38526461
9633605
15343032
23522705
26454544
30529216
39448993
28531725
1265171
13475603
19868400
18699701
19487259
18375706
22022152
26754951
6237549
10606593
23488686
8863005
16226128
22424741
24475262
18652689
22824315
7829181
9678410
32155382
7898144
24687966
32325071
37162971
39894624
17245435
8388187
21347489
31532668
10212647
12531591
5055263
23752088
40058627
10255353
16505243
17713332
30223981
33549251
47680441
5963135
13645114
65173199
69050116
75214278
77381299
6201740
8465143
12895036
27830971
44815069
46286188
59898364
63930279
12505909
34662323
66457871
80417699
7827087
15259826
10951837
13775414
17756547
28781815
10827458
7885552
5752540
31268059
7079823
15336713
30485638
35212584
35903270
66621438
80571587
80828922
85115205
66791685
13298285
11498325
14056431
21349548
32407641
5000233
5236555
22589199
40313534
29119765
68004111
75542480
78205071
7584759
7069552
11712553
17611189
27720092
50493706
58404619
22826910
42692628
5048495
8575475
15897855
23648911
27201617
37399632
40992936
59572138
19286152
52922360
72413252
49025603
51219727
8166792
4220894
9927544
52954328
54369578
55960588
14716973
5046281
35838688
49616218
51663336
53223934
55849783
57462267
10239908
31057098
47655856
53952805
20460800
7425769
13903077
39715993
42421666
7024429
6101375
16568917
5568656
12868568
26860833
32340899
36248121
6882728
31173602
33221224
36422106
3987823
4337998
6325083
27357424
11980186
12085898
21239129
22316332
20776741
28787019
38077658
8735001
23199617
28574588
5141010
65993204
74538949
81103238
97936582
101661479
102517101
16111794
16895412
29633934
19600155
50630633
13538674
24203184
7090169
11032332
18443237
33465749
8821501
6064417
2565157
19841518
15967893
13665303
17000083
18845974
3630947
18375281
28185715
16706654
26031797
29632307
48416676
56706013
59020655
59892327
14382131
34151985
46499954
51093132
4521707
5370056
64165458
64729784
68419610
5135845
30923882
32734519
47111237
56213750
22121636
11293379
19151133
23511832
15429431
22149273
29890439
10255641
18803359
19534996
46823781
5195204
16851678
22257733
36858546
55770190
59048054
64197049
4575053
21114542
34452836
44511741
15642692
26667519
44307120
53341201
70213314
11748662
14068364
23746068
8304485
27226341
15941726
55175911
71950872
15802619
63929256
108445
31947188
39951958
70426
31948282
15961823
48002318
55943739
55742306
71983502
83976798
39978960
46507952
46697983
23933725
89555
79730
65002
127092051
159955194
59701540
75884799
115864696
81956
350960
23957947
23882234
48649947
30354194
37278485
4469968
17531040
18632865
10588668
3993159
12419992
24082037
30342069
15930587
4591626
12304804
3187711
29003234
49378878
7159922
9016337
9379698
23918823
8130828
25233559
25511724
32104027
44188342
47803833
12963317
11421633
8473657
19407523
23005183
29793365
20499896
4461461
20412117
10001970
19745528
5802147
9080655
19332532
23592390
38942719
43681775
7533027
11026910
33782210
4831140
10869555
28599159
29452038
35257778
44132181
50133151
17623150
30699401
12985322
14356466
15495613
23438357
34482467
34921837
50907702
18422928
89452820
109573748
8039840
40055412
46603161
54314289
6838701
13719518
30380466
15777971
46645472
4998559
5389476
5485259
22246859
35757829
44242684
10452958
13086762
13983394
31694386
12861043
3298976
19999681
25936033
27291837
18729814
23908597
44903800
7085669
8369116
53491738
67890859
74419519
23282045
23660837
54716910
56955753
10485668
6294876
7218368
29071302
16043724
33079184
16644387
25338658
11134341
15196451
5471175
17416672
45967850
20810780
7527623
16935774
9017881
45097520
6396654
21729313
35541654
4213672
10044571
10889279
12072596
28463360
38253296
40273513
8152013
40157296
41290515
32346387
15319601
36802155
42528379
26789695
46551623
54783787
3946951
4406614
6720539
26339700
31962428
74126054
11814038
15914423
36091356
36496621
36840663
47078713
47641440
18134916
36632001
41621108
4771563
9115543
14118225
26191795
6565366
27122724
5355710
6138495
12949884
33475801
24976494
33588051
35287260
4172090
12795433
6908825
28573534
36248091
4383225
53560584
7730300
9906780
30962356
14878783
36964478
1456435
7403454
4850485
15845742
30670201
33499251
28842447
26915975
10717329
21380857
15099889
8678343
11945992
13818800
20377954
21347148
19192207
11338826
17179507
12018323
29361787
35873015
6886654
18263745
19817071
8400951
9049605
24702431
7120522
11275035
11090635
35515513
43154433
1623335
32180245
47184964
51276014
59230889
19165340
31256458
15560408
9234363
9831908
43058483
49122660
7714790
9082783
35734814
4984105
27774135
32924537
12107719
26586296
37142411
59006529
60807356
69161736
19734959
27472130
37464301
42727884
24966704
12059407
15301836
12531785
25385227
46296483
46955221
47795574
48790544
8183700
56759045
87309210
88726427
5405780
7996662
18861159
4841761
5108699
13350262
19879494
30736205
32996162
44531255
59030990
7753595
4431579
34874239
40951749
10322474
1515665
9917580
7592484
10431781
49071921
50983832
11436918
30455208
39900228
55886257
31985755
76401
41517329
42679874
13599685
17231138
54585374
55296080
64347352
67277229
13431016
11877114
38555690
15712039
27898702
35880407
38800268
16148744
14632921
5562806
5964746
6786741
18799949
4610153
6648887
10029828
13766649
14244897
43842929
48538547
63814610
11901096
23979806
24270149
46497627
48752006
9824806
14312285
27201719
41388621
43188200
75150451
76445980
3975287
9963868
27195232
41460164
5252066
10128987
21101896
27943882
30440050
36118657
30152907
19078616
7464979
32842871
6783668
21579727
23183722
4928711
8940981
14258341
60600080
7176813
16215963
15682253
21780236
22097568
45894755
49746321
66113723
4629322
6640014
15409923
5215362
28234462
36551089
40139266
54949446
6464744
17605765
8034065
64918393
69913982
74599660
10943142
13089564
17294208
34405805
42745786
42322092
50012685
53273993
2765184
6925613
8011492
40898960
3482662
4753628
8996534
37153134
44797621
15481402
38284301
40795542
67323805
9068283
22256559
6263440
28077696
44896450
25472049
30308299
47170597
10483439
5048469
4418082
12294236
5645474
15388518
19776439
23179593
32566654
42782198
9540170
24796600
40073000
24751057
47687336
8980670
18450122
79319953
95029180
99771416
7313838
8267725
10867796
11431810
26782936
9745897
45003276
62054239
3666186
21391980
23561923
33480943
52386026
65110712
66309277
69327278
13132645
39053110
8383470
15482757
19822118
7518924
12512212
19366634
5320428
5865925
15653720
20352940
4283217
24463696
15388650
14358249
3581835
9323879
2496528
8823131
17828500
18925758
170449
24793802
26646628
34942380
8109031
23553408
27391290
31332222
4818641
11450071
35760316
40977999
43285036
46277338
16069120
81905774
9577730
18731354
7076292
13074762
34339928
53520048
8368862
6242372
9667748
25811606
31539336
15712095
42834193
46057173
5436070
20281491
37032406
12733707
18257148
10778800
21290752
9518994
10564610
14503013
27313762
47315165
18926105
22097118
6842681
23279653
64698742
77107595
77694742
2661150
4120295
14808088
23462893
40733840
11407487
14483951
39720815
7885321
26178860
28479769
30332689
57338467
15982145
93902593
97249677
98913238
6448225
10867301
33354762
37311647
24061426
282811
30720997
14208340
2269585
11291493
19914757
21921757
23494615
6665922
17927245
3835870
46940880
16223999
16649218
11046712
30507781
31862510
40078604
42789663
6988549
9769156
74111983
97202980
17985087
22654747
35635358
37110530
17102472
53597
50432759
51036572
66106275
32043716
43876064
16787248
7930516
8356220
11256603
16811412
68889610
71228754
9362200
20769697
51027996
52379452
58202510
62110244
7408414
7663540
83271806
11064532
13525623
13866219
6941245
18769645
19025377
34397727
47690941
49781878
27401907
29133935
8984699
9733230
1473534
6532920
8028692
26907155
4066109
18119239
39475997
50302468
10969780
34242592
65557482
78635407
80263269
87314407
91255120
31179880
19557301
22949270
36966648
72407403
80299038
82275031
5385449
13045769
38338934
49018332
51658821
53427348
13555327
44258896
52844646
70538128
6959368
29334208
35216250
6931623
15849669
8488224
19243420
48254232
53135275
54091476
60498023
9130546
13200986
20926143
20124590
1237972
34258626
45607517
7594770
21986048
15987591
35915097
20122348
11049247
14147740
17982544
24615299
38961132
41452031
48482143
5348021
5848821
12124596
10444175
60423247
4281547
7605086
23413026
31561908
5401489
29008111
31675607
11842521
14959613
23086164
11530325
18996266
47381292
62698121
10905476
17904148
5723183
10924180
25480413
26196184
13020217
10674881
19886795
24552852
19303872
8404339
6841871
11140045
27498641
33995216
19877861
24218421
28500942
15346351
16359041
11092346
18804990
36817519
38771930
31000017
36456910
69286
75751331
91861122
97373198
8332996
11441283
9096164
11855278
19907178
16291900
3542755
33981095
24405315
5263325
13337145
23839917
27314591
29889896
22353365
25401347
13558095
18260332
17524572
14658590
41211374
8473644
24539353
6602055
19015489
22383145
31277841
8749870
21738034
70594454
73909796
92916068
15990362
19205347
4026224
5349602
16475117
20403313
44419181
49810580
60146985
10021161
52482645
15283853
12272268
37032072
64050639
68357773
69613591
6838809
8156121
30436031
12227843
9471209
40501310
52932287
4552324
20704518
28733455
42684274
51130704
7429045
11427885
9099296
10036067
21293206
28328684
43265315
22112131
6970564
9767434
8470667
12279735
6494127
22251726
35295368
38946524
5769031
10578827
19598102
46293960
51190514
9995012
29430366
30051517
38098578
25458235
4877287
8791483
15621117
15495631
8623627
21795717
29734265
10669358
10122634
11418618
20991628
24379140
4325909
4924684
12858602
13633012
41000767
86871
22870528
1696621
22882221
26729537
27695080
9625732
16379291
26901932
18141316
979230
14592815
23391249
27156283
31616387
4388524
15337699
24935650
12498111
13789329
19922342
11512745
29988781
18268696
23079152
32844437
34550750
42053550
45139696
8417656
14677435
13178253
87434963
4735238
9562940
15410122
19415558
28418711
32123905
34493911
49113303
9119450
4930019
96420708
17095407
18747613
25390755
11546735
38004887
52324652
11831160
8659775
12504934
76718356
55964191
63954483
71928831
23120768
21074440
16122261
18808318
38572681
41450105
41928969
45905731
16355742
28419114
5100862
11728014
25320500
44127494
53761727
7911315
10431023
14605056
10159870
51159220
4992681
14618700
26685688
9469743
13199592
15621620
31208706
19171032
26841366
6247750
12978564
21261209
24400194
5036436
19913204
23516452
39903118
4596388
5284588
8709488
13623806
27732443
21420424
14153119
40933863
8958237
12249695
15903057
33746030
41286058
42503299
12277609
17109973
11443400
13963962
8560875
20233195
32867780
39092032
40691183
7981234
14442552
14909138
26589744
7091590
22507524
47026896
8927970
3390529
7340237
14102153
14972654
24459300
33645686
12468020
28907436
33054956
10353564
19474301
12122128
19586199
5056753
7635719
15521827
32874273
12345707
5880262
31196917
4021718
8848332
9685506
19685431
3903591
10166266
11493775
12651832
22511542
9786973
42540467
24390536
4378028
16188836
19111354
22891286
41466643
47502921
56169869
4400455
21562576
27373104
9820293
13561382
28343318
27097316
14943464
15410422
27835242
28227007
24007958
7258597
23015935
18390403
25220585
31935323
62052394
64379657
69223324
71489143
7819418
9334906
26185000
39306264
8746783
19417657
50137002
41939947
47759527
13613273
15518259
26558518
1158263
29975708
32362855
7737692
28090565
8311502
57948381
5442720
11056496
2133117
11392137
15369958
20339250
5607018
6086985
25145601
65277858
4726678
12286656
20831678
30326641
38812432
55086707
62135705
12851558
28694974
31203038
50523107
11604662
14121966
18408806
26554341
35029902
8761457
3182206
46195378
3151772
5289524
19800417
8693425
19106020
27838182
51214836
18290992
9798765
24062036
4816194
20761527
9991844
15593276
19293493
28675575
38581280
17094991
35606989
36176708
13418840
2215266
3684905
12877751
15514181
18466045
34162535
42024191
50178880
11373025
12572354
13180145
17555748
68745766
70148543
79896946
3416128
4026715
8626332
11746213
20450092
50822899
54374437
12886399
12337640
1730863
4506878
9701649
23155370
12713173
5988192
4543612
26037021
25223000
37824215
41029480
5352982
21264190
31189521
31721587
48312027
53392116
11782684
14431228
6431451
28329271
23834481
48919824
8602775
12952188
15593770
18873304
19907498
45050167
46475700
56508876
62398806
12565791
61439471
6631169
19761729
10638425
17998791
44054360
7141583
15295953
3984226
11587576
11277290
23677246
29447048
29964083
4032804
31162524
35861378
40493952
9266392
15544352
23809677
6519212
22900066
20327057
6539152
11193888
22660258
24655920
12654135
13289706
32289341
36234944
81404
12859509
29117412
28537190
45970851
49022374
59554556
61717586
9523819
11886433
26206166
44070908
47475344
6782474
9057748
11536746
16244812
51801990
56202669
71465008
5148297
12180697
16962415
18179635
8142971
3345913
44567729
46436769
14678660
15632635
21265134
40076878
5479916
8707568
11362216
12180168
31463482
40524283
24315030
24676422
24994609
25315662
36308321
50935
13356284
55115440
74355887
23228494
30444579
37751953
49027118
9456715
17301140
15037348
11646769
6496979
11138426
34248083
30808324
12832360
25829844
7973057
46172141
50421790
15968970
58893727
7228570
18796434
22781385
25364492
27531063
5516514
9013929
4882106
19767443
12782912
14406227
17620493
30223696
37475240
10483605
11359036
23690472
8051817
31639860
47852879
8426176
14252923
3301401
19992145
23981564
39727013
54298756
59956413
57622570
17239630
19762588
18647893
21388048
24669661
28983049
37141692
62395382
67255388
21484084
7623291
31644131
54128580
5730546
37539690
59384128
15572360
4855438
25680211
40529356
46238975
52583541
7764991
25499820
10232993
12742197
55991718
61270872
5768846
6357684
15902115
22498726
32408343
40534946
62670
97706040
115894426
116516596
7121389
8684100
13985146
3986038
22506014
6505946
12719383
12755688
27869760
34027478
9619461
22861386
5883504
8997784
9447355
4812706
79519
28767658
31923855
11454695
24324858
31114567
13208375
27481756
8088286
9479747
14776543
24560872
8980100
15382285
26020429
18287089
47451335
2049538
18939394
31986616
16546038
16792411
10213147
21074513
25855983
39809334
16331049
27873320
60723
42259
6280908
26440742
37112205
38325772
50190546
6224177
16626167
29107124
36060605
43693146
59492236
7741287
10337367
11335006
28741578
52268788
4433255
10200515
13344966
3149446
14765231
27905903
39662310
57506841
61509920
8742443
30247536
35058248
48491763
53692886
10913601
14596083
61411198
9644511
14083280
11815987
36788078
43149624
46764821
8788073
57989
17961022
5613823
12467882
15386987
5641416
10449475
19066232
25005651
25455241
46325404
18477552
39089607
67289669
15939081
15650603
12021337
3920028
14454899
18648432
38044872
47284817
54577396
62521770
11780296
21415291
43221581
51602506
60582253
13801267
16120996
37498740
39504281
42067256
13440156
21634629
5494706
41518053
46368777
21528795
29231580
35120317
41211285
52488581
2558680
38940034
4544372
28017396
43386011
56897214
6602057
13232710
13680391
23834927
30323164
45167980
48259384
55345208
10637643
95953823
23006604
29916914
17288401
43844361
44579254
49969003
52368413
57160598
24012847
26083539
22874159
62189
153503153
155932891
18741707
31955271
41656498
45313648
62368037
6831764
8252700
9903254
28226673
6270244
14493979
26225020
