228585598
228585598
228585598
228585598
228585598
228585598
228585598
228585598
228585598
228585598
96304702
119895340
130688095
135121724
136407428
141383427
143562706
148537074
149521516
151282496
9945115
60705442
99658890
110152921
114329077
115099773
117083105
118937802
20973421
6236388
24505241
51616119
59280518
61589750
5344923
6663602
12284377
15994073
13054601
26603332
34255057
64914227
70786867
79612883
86452343
90114576
95595397
97211385
101341449
17341886
33083879
52795644
63833695
72788518
75042341
77758247
8182420
5893800
57395455
58228800
62617401
69302042
70286497
76343944
81874249
83661631
92687051
94727454
121602178
124936717
138917063
151866847
152602543
157246488
158099116
160099575
166643020
25357667
55985401
62183184
109340182
113073991
123272821
124681691
125854078
132132164
132688550
133670380
31606584
14322808
33524937
41911960
55444765
56248899
60271812
64623402
79078449
80819043
99485068
102257224
49313287
93012147
99088774
107475339
111727223
119859366
121315759
124346092
136425392
144391464
68305747
347424
9564788
17042089
22695349
28577076
29804926
18157703
6059375
27665513
59201345
60451619
76790805
93614235
9410493
17669920
9072087
10711532
19782280
31794659
29948500
28024377
4103560
42382999
5255376
22329561
3897156
24806478
46219662
7110460
9917151
406062
5187473
11178325
16439779
64355886
67799131
69944966
74017681
75660612
470413
37168506
46293520
46922203
35437494
29010695
12501000
16413948
24432678
28811566
34179282
27697592
28797847
24614105
54810621
13280293
21284866
36064817
45405602
46413717
8049181
14694473
3548445
51951319
60924236
69401879
41130509
43368419
46814397
7967540
19677809
37460186
7469360
24106065
38288870
47147848
6662555
12443229
19155545
13881786
48604581
51924566
13985266
12122345
12943058
28134834
8839809
12818191
7466161
46201793
4489483
9717636
11637001
14379661
22364999
22315335
35209803
49556979
70446391
73141214
76322166
86029655
91623862
140935
32810368
12266642
19119241
14468218
34066143
45770655
53137116
54902324
71557950
78048710
80358740
8965050
18665418
21127535
56289871
63367167
67628390
68258191
4139916
4151029
4729918
35676927
42489522
17634184
37249002
9406229
14843695
25845194
35973354
40314869
42458945
50592745
58801865
65735109
20921603
28050319
49388617
67847877
70685933
91753140
102984886
105289266
106821398
10509595
15046014
14710927
15641231
51931044
62644804
15895052
22837447
25162536
35541476
40518808
59988497
13041790
9416825
10307460
51318142
17828413
22596170
38006489
18908266
20110797
32137973
45898389
181690
21022521
23239458
12496687
31762742
13634208
14365792
29036052
6661756
6968774
7603559
7948366
8532397
37977317
46011089
23816592
8019760
42707513
43488869
324481
16742084
41431984
47069869
54839449
76489793
77090212
8606393
9335072
21835041
21835041
17833312
22821263
34931668
35669822
36076709
62727518
75391029
77513907
30064870
72834475
86005547
99036441
100116888
100513195
103522807
23605042
30090423
24948985
6339166
26368690
26995645
8638007
14273952
16361743
33518831
52212584
11800546
16003907
6089001
35163384
6918781
11343214
22815622
26130071
36023693
45940536
2481735
10306021
22495359
27442030
88489539
89407067
89798764
91264202
97559701
99026841
120649127
123699724
127703015
131126003
39768916
71317229
83531165
92286122
119290075
119902238
121672964
122759627
125507947
24995750
10201467
12332462
25390398
20454559
4975803
24426031
29989219
33734256
16248768
20391210
27661133
33079110
7891512
22157342
11628810
16431774
20178043
7891113
9812764
13512262
36476432
10792139
36235533
13646022
17928553
39663854
49216714
52495674
59390113
64542591
22441707
19243436
10548069
36790312
11663385
13379972
17422204
17977150
22987817
25230574
36313522
47352632
52882579
23394458
36969822
38457563
51608386
58330917
63324324
71000358
74748895
80041314
81371911
88232229
122614834
4407343
15937782
17066393
19520696
29151712
44553728
68638377
74012076
84812484
90134076
92807935
108014751
123257792
126614954
129865652
12242441
62985543
78719826
21016678
31246661
40224874
41602785
44216546
46144276
52920609
8908544
14929837
24370492
85333014
86333514
112135905
141042096
141275932
142078113
147321146
149647855
152109096
153513190
19240815
26272547
26759256
37879161
47001003
63332353
92887842
96704284
100625025
107376847
107777170
108171020
34670899
35688868
12170864
14911379
48223405
12543580
17051737
21619124
10471537
23534120
51636187
63348329
71778727
88998725
91778421
99307331
104647061
104647061
22871112
7975925
17694853
23072361
23745596
51154331
54111645
57716861
65494171
126432
17492309
12202806
18219239
8964616
19141571
41123027
59157365
72213979
74094331
74707992
46647764
67073790
79679485
91491119
111273139
116472601
3113842
5268415
9298872
43772558
83044755
89043850
90568538
92365901
4651270
10128325
10553734
17310194
34604232
38524027
13551749
123966
11325553
21121271
4257622
23138239
38460255
1656629
6418723
13546112
7671843
10550169
15901262
19104903
5892798
26248740
7388229
15473409
19626451
3999806
12749722
13486909
7739725
464086
14205610
50435057
51225610
17148855
11609189
12913576
17622265
25103105
36881202
57011810
62098948
2256486
8319264
14968111
26532719
17855348
4239128
16956392
38595497
50734924
52057110
5274146
15355043
18086371
26291557
16271279
16298468
38474483
3056424
12560246
10203955
30564402
32732784
39850028
10604056
7583802
33859891
37829181
65931289
4158085
14527183
25264880
25764813
14850431
20607280
14457090
9888346
16803720
25835794
26392085
205016
36377996
43725157
48012779
13537827
14105814
40342632
213025
10760602
16439716
42050824
49187091
3820132
13641445
15902952
27520854
28173968
47147418
56804942
68701527
25669001
29931271
47799144
28207645
29018678
40942582
51194449
54495099
59389297
153851
17403655
34156134
177791
16276244
46781374
71136482
88428567
91257843
94108611
26505787
26999372
10259132
23499730
6265477
15967393
22956094
45800450
61982800
76393342
93474345
96573639
96892550
1776387
609796
37148328
41890413
61330015
7543425
25878488
38939593
40168575
44839335
48824725
56335471
60418674
72785619
16386884
50036327
50845915
58366386
58656525
60355203
60355203
66585979
13814814
82899335
87964829
100980943
106865870
10408204
26337781
27727776
33100309
41035057
24740069
9569516
12876400
39346639
49596865
55626728
57280069
19475847
8207803
17300361
14112557
19608091
52204481
56822836
14248217
16400185
31498613
27446615
622876
25796745
8586795
11627936
5623056
20592881
31946790
42234667
50493763
5211876
39874244
47623494
51935583
57008825
59788193
76792086
81830381
87907952
91040722
91522162
149282771
153547168
161657298
162453193
166889358
169242362
175364997
176242858
177630388
178677064
82640032
113372588
127032153
142215878
152143956
154729243
18634619
19018595
27946625
30440850
5951835
23183132
40835547
45877957
8676043
27545666
42000670
44370389
53156818
6737031
22105038
25148385
24499602
8509289
28209505
48864258
3603522
4222199
9039286
24761738
25031399
36165426
7382891
22567233
8169634
18172728
108064
17014772
37526200
41057755
43904215
5118609
29659134
4657644
290196
18769967
23051926
11578497
35044181
39334036
39736381
39974536
53549418
87157443
87636116
95733140
98228785
111667949
131860093
894964
9204406
30061116
30865086
24265246
30912734
8968372
64847057
4881921
9792210
15941296
23640309
20514639
27049758
48046182
57446845
75143142
75746459
76057361
77790428
79843979
89541480
16034982
4064500
36982846
76370743
112112539
119205129
121557809
121849760
8057695
23761891
30566447
31141867
22139221
34115940
24441711
13683525
16285532
19883651
35863159
36422330
45118531
46069440
46747139
12496994
45432884
4867909
13096572
32612802
22057598
29490393
16443367
37022482
15527235
20973278
26915874
13942917
19183943
37529226
12151628
19562247
43864641
59680428
60090764
20158702
26611834
10161006
15655923
20157099
8126245
13252417
5530133
7130374
13060577
17163349
14756919
275016
25840702
33656544
41177128
18208630
26826317
24804912
41170708
48466442
49466921
15830857
16609782
7198787
9292382
10650022
17513688
18079193
17239693
35789495
42807913
45433167
50909536
8270449
21003916
33048268
5270124
293997
41569915
42055701
53401838
24747972
51655097
52211190
52503196
395659
122129
9643592
27402209
17527888
5662618
25732633
37350362
59457507
8347277
17387642
18298006
19086932
21141518
11275133
21298125
5027048
6048227
9878914
32935692
14279324
13443615
14047275
21965571
35940494
3275385
7862013
34654637
46218447
46574786
50447493
57656592
29717643
35070832
45748665
48263669
52404306
25669847
31828743
68024096
81564778
93677707
97418440
98351610
99122257
101808166
38661908
11408336
39723631
44422900
55330026
153010
3910605
19560335
21579198
21858613
37778656
5633384
72549339
72780774
10056636
21497167
22943787
8423209
15363045
26334554
34049350
11939960
33991886
6288352
541247
28117757
35461892
53407285
61687187
66400383
5975538
33016880
37270882
7481792
48697068
52387787
66230953
74671182
18347849
27729455
8500409
28616165
58819042
10413382
10825226
14597536
13954446
16603232
23598174
24604334
30016602
33166558
9590167
12687076
44000856
49304825
12076459
16749882
24237831
33762628
45762258
54182912
56045574
25850477
29211360
17702585
12146023
20312618
33160050
59902795
70581841
84322132
86326571
92256426
416206
8398499
16507937
33762772
25862553
53992051
14307093
19710557
22505810
24274579
29368607
31106065
36747811
20089467
127124
14361727
39833105
64316469
78815756
4868162
13953537
20248685
20694485
23209356
40608056
-219891
9221465
17410989
11390913
28780806
45828720
19964627
23483554
32562845
133196
42073963
50339312
54391992
62301097
67012627
69714676
84944776
87470205
5604110
20292614
38006177
69656399
18277917
20480191
24859823
31042680
33951379
35780888
49091376
22782089
13317632
14412591
35544312
37732379
5587443
7484870
22578318
22071695
10802725
7679727
24025831
48672780
5796202
7791928
10142395
18125846
66382167
70030770
76078242
36473472
44875850
9284424
11123408
18505260
32186446
36537405
7908055
111799
5240462
6326737
40853833
57480108
7803166
9160769
19818011
5976772
6760552
15369695
27784001
48290032
6664849
27724110
17490188
18637610
9538137
10725602
28406509
25959189
32596614
4586304
9897486
42382438
33836358
35027808
8571418
13320427
23487249
9927773
28894564
31476965
40523311
25955470
30017082
41354794
59425150
61044718
8211716
8732972
13597295
5535908
23332042
6124691
37834953
45315163
54490606
62385279
89222612
4835019
7286539
7845153
20228996
37808898
67642296
85966617
103812189
105177755
108721420
370679
10885327
16815330
11463849
21536097
22408285
20966464
28501689
47913190
49657956
42875868
53715729
17748230
24736023
54527639
56202226
58096833
22734857
44477954
47745870
75242373
89938985
108826363
114443482
117571102
132198800
133651367
143018519
143667392
145440206
17341938
21662052
38094690
56361070
57274581
59690342
77642980
81395956
87611752
98768251
7341000
9678231
18456768
57743395
66044718
81757797
93187415
94012768
102879668
106309596
122249358
127576919
130671367
72930393
75060077
82813151
106171793
114054838
119291764
124525944
132395020
137675394
138197267
68260139
96335554
122794865
141154946
142436155
148101699
150451769
150699668
151382415
13314224
26996104
28594664
7716109
20440430
37905824
39351333
9568157
36024728
40162241
44017782
74561495
80093932
95257618
104187037
126765531
127310646
19157507
21879056
8901543
62442826
65888208
76454851
77684675
78882362
84378602
91079050
39293313
41435726
30918775
78261276
86015983
95066144
102084492
99351
13481531
18285323
27336853
189281
16525730
27510443
6361764
22140106
39361999
52685683
11208719
24227594
39108604
45216303
15183664
22641098
27433480
38441695
55197123
4310548
13698804
51341000
7110672
9303287
37657544
30278483
59874113
61566271
4634940
6972502
13196188
30122776
35861277
14121800
444227
9997398
48306811
4649622
17187446
21522594
21953926
34355089
36876303
21855592
31143626
5967103
15853906
22924834
16970301
23444337
48969708
56504588
12827346
4956818
11359909
22376683
18476553
19564699
21430681
13352966
17110673
33473532
52497320
63448149
72415960
98435977
109967077
119517987
122920297
127957282
133449912
12738739
21312871
5750388
18744207
27661438
28256637
78490961
82314609
84830464
91043366
91309050
32962926
16101172
29057400
8302553
30459153
32163915
6857137
26652839
8795475
30693780
54016850
20321346
21619822
23400774
26328217
31913892
57186850
61970711
63901470
25353978
20903091
44857106
54684279
92580478
93015134
10801789
16881048
22990254
10137373
34126247
34441045
-359988
44134029
45432858
56877273
63989301
94817272
98862729
99142667
103239429
108849792
120521258
16687064
37778753
85098734
4848139
15596827
19081109
22363523
13100051
31854541
9022867
15901182
13397602
7270032
35103507
7762948
18154969
9374899
11461117
14431255
28625223
8623633
9111559
16876487
19455243
21763489
26868747
35889173
41029120
51117910
62057400
19021000
34919864
49321799
55545749
63067760
68465587
71799326
21396949
73823980
78923830
83826615
90034934
95302282
105768033
111590149
112745029
115890198
120364441
60379796
67446808
79320460
81245659
87507860
95868227
99354611
72148493
87693480
94099002
117629629
122685930
124875072
10844131
15835142
297028
17055324
389288
8635189
9076632
37710149
51715991
53154363
58328176
9865816
15554941
11684070
54398141
57546722
73836392
91610329
101660580
122210741
123199287
128521239
128788477
190337
20082878
4529816
33417583
96341
23171614
26996862
27639517
61459620
62059474
64214191
66425640
73425936
96128
5354704
59891068
72657845
83651571
841957
18962115
22817750
23148891
24282995
33407551
15144328
29369472
50305706
76882708
8372300
21487363
35822815
37769216
38600293
50598024
52670232
7744843
17871122
24091639
24286761
39694279
10144299
10973199
8314268
23426601
21758703
165172
18586904
41046034
52813697
66525413
68330116
71207352
7682229
9579484
9947937
14551875
30015047
52014507
9872219
14989778
34138256
7504157
22189158
109368
12584066
8068415
39274834
9587631
18427330
21153666
22245618
24886364
9907525
23927145
20401372
53187705
53523750
9742397
14146906
19372717
23067019
42639420
7991290
8188356
19469410
45451677
79950423
84624778
84907768
6092034
20700896
4369867
9233330
6430016
25717807
20469327
49181342
50982281
58020954
69932089
72900731
24083813
26860919
35353920
9376118
10962552
6983406
30118332
41682630
41968255
43846392
64762003
69987177
78788393
87574690
7866580
12605312
11912471
43467845
53634849
59035707
66380083
68352141
73033210
73882643
7056336
16512858
22518403
9799872
9252066
21353488
12051298
12634870
25371209
25477822
32009328
82297031
83337080
88230429
105191236
115675094
117137949
136698999
143007620
146769824
148414584
28313814
63554884
87131557
91785577
93214554
97445991
98902668
99972865
92970098
94668985
102475091
113510890
114334149
12979752
16166724
24141746
34279629
10054471
29590673
4720837
18955205
28656250
3424988
23519282
33523424
36772338
12276244
7113023
13025811
20952398
33351957
39827417
7059314
26047583
35481156
55885974
62726819
1527520
6011445
25373485
36596323
46856788
84293564
12604262
19068256
28342769
30572731
8066100
10692297
14477606
25651791
34305958
43521332
9617640
46827648
47202251
47566393
50690083
50880428
51095120
61823829
73442809
78812463
79254424
48254622
8364176
17218849
11965810
59375255
72535759
76307187
83951838
86508590
22700725
26360647
20775559
9100607
14470721
37469720
6540846
12216636
18592245
30667865
32971511
43210628
52028825
4247535
51985048
56946340
63873580
67727847
76206175
84262083
91108914
98459686
98725214
24944023
49828749
69696900
74544841
86685175
93902526
98297397
8474031
5788325
17154465
54013528
93899283
7254202
15279023
29957979
9055934
10565984
10828401
24475718
7756558
15193316
7462463
39713246
54669446
74651324
81451643
83124764
83375148
86240990
86744644
16306535
28828642
20799655
10128805
36112202
73418166
79427798
83103794
94041517
95632419
97661812
106419692
107577176
113455641
21599870
81058079
82134146
88652785
105931568
112415083
113398629
117422468
121446011
130961338
131630213
90736416
21742902
23637691
34613496
37920082
42345276
44973586
46623647
69490573
77634034
16518599
33390296
249785
7422183
26599826
26974090
4694459
40895221
46144301
53451490
497528
30286214
22075582
49377930
61253345
70188540
78407693
82746073
97742544
100763105
6874781
21793963
314184
14511532
10035378
29468312
5268220
13448670
11944222
17507703
39339017
47631777
51468007
7927592
8172330
19316511
6797730
13563809
19438286
29458309
7593936
20713595
26608380
29915640
36559498
50054417
56052441
60661616
62412272
7219790
9340813
30573068
68134392
84626345
94317415
100801863
101208207
107620756
112362597
112654759
7572768
16489854
8349380
17598035
28807625
39557482
54064964
68418874
80559305
95183341
96560485
99293237
6030684
25538398
58265780
67264924
80028185
87955020
89048028
98877758
102337728
112260941
114491174
105229391
105701551
106065968
139446542
141328106
143655006
149014076
163303844
168298110
171499908
18185179
22333053
60485819
68652120
71333827
74954439
35500611
73105226
77719701
95181869
98741600
108989842
113343426
115090048
5762292
17957693
13627769
15803988
224420
11785906
32123927
46254026
56052630
59875975
44113891
50929671
75064719
88421228
108801946
124983120
6682741
7392738
14274911
6766823
9543044
23309764
13652287
26060208
25700258
2200608
7945769
35994744
6971034
11049209
12601851
28720581
62764769
79746490
85521942
87968173
18203063
20899398
23703049
28996824
138614
31280860
18981290
7819557
12217918
17216705
20771834
30745319
4508877
7990841
23619575
28175628
122991
11330011
379225
270643
12807464
50143672
60093271
72804907
75289213
77486005
95652384
97277047
15988937
22184555
20792690
19022356
99961252
111834737
112218539
113363517
113990814
118987498
122855250
124452034
29614240
51100421
61793160
64298947
74145390
6920480
12114069
69192827
81344017
92433580
98261852
571937
7040730
13650859
28349551
14676024
9500885
63271427
66908834
69728321
27952562
37137479
55899415
73709990
10693879
13672926
22017321
24226934
10616204
24017481
34461686
34776815
38391965
39381067
44843094
71348573
73251468
76059951
9433053
5655029
56450413
58557764
66220171
83966079
85849061
91666460
98630826
102396287
109599102
66576770
88982980
116545447
120125416
127812888
128573993
130865579
133185083
139775494
15470357
32331838
97986655
98410350
105984021
116031025
116392218
119852375
123329824
128129284
132548026
142261753
117384014
126730727
138516434
141174206
148197268
6115689
12258419
20682378
25037083
39793570
18128801
20788783
33290853
40871366
41543622
42916167
61082656
62923875
16701119
63361990
75920434
86713322
5912191
11210863
14183686
55774964
90292
37481231
43679465
13131312
29129188
17832572
32638306
35945317
17842630
22199207
32402792
33618259
39681246
39994835
54482998
55687447
57140505
70068056
74315929
110938559
115580766
124805421
13288260
20165933
35899994
37784710
39079355
42273773
53726594
50363694
86995109
95701011
113033413
132328071
136900825
10725272
11872970
12268472
14949597
29629509
19133222
19587616
37298877
40713395
92431972
107347316
107849295
111909427
122241417
6061883
9260392
21964105
27705053
36242793
65842984
76067473
81802571
83472728
107581310
117631301
120929631
128844878
134680283
135041889
53501238
63139056
64083393
110938149
15511327
22766307
107314
356128
6696030
35628837
46165640
7584535
33584546
7549713
30262440
13830249
15831719
22970174
25981995
1049831
10363304
8355415
35414779
42990898
24035031
60635660
71345343
93790799
102581854
104436571
105492221
4036055
12219260
17370960
12386134
8474721
29952163
33215836
5533358
27688609
29452437
33610755
9512708
15151994
29857791
52615548
56686761
77839235
98212585
104012256
106734052
9510998
12695188
12865155
4391672
10507876
4741243
7562828
31746079
3657114
2041179
33828824
38522994
20290818
34131219
12659831
42739499
56365885
68259007
69441472
10257230
380124
5819557
21098464
24432696
35164559
51660393
12917110
17306585
19045084
46596883
52425674
57463912
8873560
21733554
33579154
17615167
28555522
38310748
52436522
72542679
8120678
12882524
7275592
9796722
47909638
71388970
107915839
112239924
116896477
122211247
127850041
128895526
93073
37870380
38623136
43727588
70953038
8867378
13618646
21748385
31173705
38105389
15259681
16031081
21929153
18928366
43972734
55161250
57402789
60612341
64542276
75926280
25478245
7231593
16979104
36947563
44435421
45831979
10111492
18106195
9105049
4404718
34961397
59252405
63273997
65237051
78437865
88341378
7889499
19992448
12019462
13572591
44476573
26281852
32324239
42985613
45206414
7563271
8755277
16083938
39359960
42186638
20062556
28850173
152267
23251935
39525439
47485487
14641260
3251760
5229590
21183276
13212357
14011321
17988540
23843720
38689724
52781352
73792301
78289641
79767035
83539859
86818307
19016472
56345562
10175001
25672671
22399712
16281703
2074486
19360790
23260264
19225630
19444038
23242329
483324
6063450
8061921
23006690
19299780
28906487
36751522
40487125
31293856
53799132
54161260
54369613
21649337
48095414
59901684
29109766
8632862
7407224
8362755
51805246
52440092
76523001
78303468
83941015
1094515
10809422
35714432
38336012
8635013
20209359
31689653
36708463
15725442
20887310
36650001
14817409
30996118
32398067
53922092
10095462
14158972
20571745
30482536
32108534
39739815
45411066
16891913
876018
22015192
48712291
8549185
12169090
29022182
41917868
43341120
46113817
50142672
63547745
64301815
48014339
118360884
338359
10667804
13054931
13350408
4574518
10477366
11050763
28934609
42039407
74557931
75848112
102267587
123822381
141195826
142022305
143115738
149736000
151663411
24002631
17379991
51437723
57519895
98021903
101333726
102483722
105912788
109793993
117255040
123738789
32096388
37792149
26083926
34810060
12606208
18954454
30462390
34082203
44114913
52359074
65471513
77470875
80331028
22333708
5824932
7539265
37109909
230553
6144349
16107428
26663655
9962714
19545697
21019233
31454452
34888918
38996134
39263749
51254626
29455399
21575390
23856570
27440375
32534953
24883630
7394649
8762989
41461300
41780574
29545822
33246599
3041524
12327466
13114108
19801397
56801600
58288044
60952359
15448598
4071833
27890542
10724332
28071942
5710449
40147559
44463231
118944
15702357
25230247
6269137
11255737
33136758
27152154
20015490
27480267
28698204
28158747
9816685
18002500
7331722
11567446
8837954
42379835
45427227
48698175
12463929
24914897
6681398
16399399
27754870
27055110
31754932
34840423
26643415
7257952
19082627
31024375
9439664
13056681
32518135
42945709
14400215
29789824
33085047
37606809
35000424
46390199
12569629
4967070
24832883
25479477
17338748
17743411
37824261
26000737
21128522
31212937
33595630
20073892
21990298
24711635
30332363
31975393
11933344
31396068
12368808
24633798
29597731
18966443
30622453
18604034
19916071
24594117
16555787
17582932
40064228
40634408
6554955
15361814
16432434
42600896
44651617
17415852
62818148
7530556
8333563
12431698
23762137
35607002
37302677
59559500
59559500
93240
17267108
38619142
51956251
55979425
61664065
63413536
104595067
112820058
118912232
119685096
122673772
86065908
5329201
16472628
29392083
35115966
42542786
54639365
58776128
59886466
61556273
48224724
53337089
74134689
84259476
102604066
126502693
127079522
127597567
7326357
7326357
11403986
4182632
12349777
23257594
4122907
9201631
29277481
38610695
39039059
60457990
12066548
19677353
7448473
4941363
20227636
17438420
13953105
19291620
31081446
85162
6674073
22673702
6353063
21237104
22981850
10277559
18185238
27779258
28045253
28296290
40552635
41308990
50834135
58347676
63496687
40304088
98028675
102932374
110674065
114160031
115587910
118217369
120920168
13000575
77658976
88963749
43147813
48149180
60802927
62707535
73423327
74633648
9907088
35349605
36427409
48000710
