20675487
23132195
19666338
15897062
14320387
27296743
20535263
5511580
21142647
39656558
18193514
27940466
20548815
5230148
7558479
7868689
25286235
11466625
405185
18097682
17040124
27869396
11842439
17569931
17400835
30480420
13349419
16611146
3455879
141858
7832979
32179051
21596162
18554940
11159563
6080506
17609633
21786178
28008207
28983470
7699398
11849433
23428763
37318596
40895371
20295913
11422980
18567943
22864114
39642451
42982246
12681311
19082148
19397838
19539844
22184247
22368336
34047595
37369486
56207217
58485652
58782779
112246840
114010156
119242016
119426181
123439036
135957745
140618100
149806695
152661989
152856277
91401346
130043946
132088511
137088904
144418282
160317077
161666726
162885145
169001807
171583469
23400417
22877969
17352626
24535332
31059388
33035266
45755505
40442708
44305406
12620100
32727423
34039861
15832347
15203592
21787695
55461166
57874571
67571564
84579709
86689892
81648
39379917
43982839
34039891
11058829
20709942
6287703
33378993
45038391
45860774
22405773
5047951
59735855
70053999
6882262
7097077
24162928
37766103
3019368
14860945
7981690
9444997
34734501
5304212
7319626
14907337
16628260
29606616
45012363
47173112
24989769
34956022
41767783
51748215
76206881
79569872
82402501
85366144
18242803
71389618
99255450
30602909
36430569
37861513
46375530
47937575
13697181
4067522
24036476
35849600
49810632
64981594
71796772
80887974
99271795
101774561
102023746
108526782
8421523
40922257
59530216
79683651
85094103
92708039
94321309
15455057
42052958
7569000
13213035
12442202
36388202
48575699
19467093
7727830
11074975
22731894
39857479
8271659
32024630
11156718
40672250
62556161
65596725
67260618
29632500
9879364
7734878
9694686
22992841
25002673
24427233
36761891
37099861
38251132
13646166
14634241
42116753
68835988
92539112
94825521
95702221
25983044
12446175
25702884
59766121
69778407
73154695
15428504
38269780
58881955
59126854
63984145
22886792
43089153
5167754
21814214
47721129
51618641
19777719
4927487
37239016
38070735
50047835
21335807
20135972
26202158
32256789
20513698
15363453
33908259
46869760
54419520
37462844
46317585
49152728
27710933
53639527
55126936
27131331
31008284
22038946
32024280
37389358
46476141
47506260
52277731
30175383
37678529
42948279
26436783
8678310
19648556
20256597
15142651
44652210
50008523
24701613
32307669
39715764
47389663
28272085
28804968
27899641
35458321
35705303
56512265
19300383
21829376
14650123
25616298
16401528
27488572
26941039
37353280
23879669
36919897
28012707
26285397
21967333
19380872
25606103
27522772
13918878
20102912
24222246
19437550
50628219
58291252
27720247
35541696
48165054
48547849
40864741
45283142
42689944
49002814
30137606
30524060
33982452
45034710
47149167
26959924
54174412
13322777
31514480
41995110
17176207
146667
37359448
38390853
21186700
29193728
32313254
22377720
50349226
7516043
23311620
22751421
27939166
29377966
60239197
61979279
26353341
37210985
40007342
25595659
41808333
44735156
19686282
21988429
20597059
7783717
19882918
27862829
21295917
34232694
22257561
9190063
28081054
33926705
26466992
9079438
6188659
8534206
18143841
19862507
37655645
47711647
54304560
28050338
19027293
44173279
61902776
62162478
14441371
21244389
22845506
34737059
13012605
11617491
32723227
38863792
39743286
26762326
6866360
23825492
30870712
33082097
33830853
14354696
29500536
43834960
46831265
51946846
26734649
17343212
12587740
25115937
24573700
26986142
20518414
21902319
6927720
14252847
16602051
22543729
13958606
22202836
25754124
33523831
11183106
58815659
64552620
67508153
20489121
21864889
52083847
55008810
26220382
19071178
10593645
12105310
35174220
60103987
41887779
44550905
8417201
15082855
22892367
19367587
29541445
13609231
20022204
32350639
32564014
8578382
9885851
24680831
30069812
41313458
7498684
73840
9714256
36469421
39312591
59855164
12496390
25496056
8155155
5462639
7365574
99174
28912693
29240438
36643006
6892969
9362505
28773892
32684462
66013728
93528534
108009310
123720238
125042174
125208909
127207281
127566557
24333117
27175955
2078171
33754495
11578850
12653221
14708994
5396148
36852116
7012699
22040479
19502778
15153857
19450428
74600
11904056
19949689
36994849
43634453
17086032
43316245
45121351
47293146
65032224
67674006
68954718
24676713
20003336
24036760
37480543
41496548
48465912
51385610
69505437
70014629
38804830
14662691
18202509
38243526
39202833
52546101
53640101
62919120
26368803
10810684
26495104
9076533
15704376
25627008
57886308
59510713
67085580
26514030
27870798
6115155
13771665
24558932
29945187
35405800
44952474
4424387
14730740
32228820
11753793
43927384
49715942
51746175
55335446
101571
27873534
19220269
20246269
18088509
40418219
7782280
19557470
21935421
7346621
27658895
44543232
46934035
18259799
27855091
12455744
9626409
33534032
38614369
40927517
41122688
9316938
42479685
53737822
54495245
30639558
55988668
61391035
65638488
22943861
40616356
45682215
46638957
23023461
34101403
6097974
17327560
27472636
8615052
25019857
38904346
43408590
4556418
17590491
53111950
60883904
62342205
33588606
34471802
35495406
38327335
42589679
60015380
65329949
28187657
51321649
57437998
61428299
14720122
27248083
34820355
12629059
23640671
22412842
31762516
10374958
18612918
20702585
35117868
15363811
28546335
16291840
19064228
5733838
30920047
32029852
34344512
40702627
52248262
58386692
66565059
38542509
48114761
71890
31730196
32938392
34623074
35203339
38833829
82101342
82576879
82998992
38779546
30367571
30921356
76019915
95712493
95948013
97262535
31667517
35662978
44038793
28076264
65616229
6262487
11700879
12384726
17458769
26821712
28868721
16225038
10882575
34471141
43520888
58040512
12584459
13369999
22033480
25261200
31802504
30629409
54672467
65617494
72248219
10617339
11681992
14320689
22613467
7693540
26248896
43159945
71854453
89336615
90049003
94998576
96052685
22825444
35021955
43689314
57513
34186814
37909140
16521890
19629292
42302027
19789545
42802260
9470500
20049157
15580166
23841586
19990232
33137756
4006250
19472508
24394462
37503331
39336165
49861481
53308780
69506001
94487891
98598127
98598127
6135668
22021216
26144967
50871094
55675756
58865926
66036364
11314887
22926880
18800303
39147967
39421743
57893610
58323755
5131204
9751210
45684606
49071809
51749594
65655465
27686842
14650397
15562134
8613974
17142405
25728844
9537968
8881339
4901953
63795522
75279535
12673972
15086830
15866312
26821301
29960731
34698815
24364904
33489921
59852497
10247501
9860212
23263851
17588236
10035528
3751688
12321553
18811702
24003747
10149086
22387578
30796134
36404132
8318572
18861480
11576407
51007893
52146018
10184539
12380657
19858567
7766339
10552439
9571780
39929124
43103118
14240890
22936610
57750029
58454237
6027823
10861574
18180865
23619382
32457705
23633018
9167858
38268163
55080414
55280873
55546285
60852389
7673933
15058992
33543955
45142842
46939757
48234875
59278867
61653637
17258286
95124
30658848
38516016
45635211
54325151
60306317
62556241
27453412
51282360
43465969
43977902
55472393
57527331
59221036
20152968
6432206
12928957
23546524
44399746
55873147
9273527
18065621
7630882
11388795
27614571
10153620
18356461
15104112
23613792
12628597
9566678
5937624
11979545
26084737
9705948
10725743
15265797
26183105
36326058
10729889
10411336
11215011
13056763
18439826
26199914
26758944
31090043
35522953
12703028
88636
14225404
19405651
57482
32279312
35977631
53842735
54629591
64801315
5593921
7597497
23339720
15549546
38371913
39597088
44046051
6679718
13573894
14557004
15814109
33316587
47345652
53186321
3965821
4466104
19601572
22287035
9137223
14489569
14891221
23653730
52938389
65104202
65291971
67337348
51827758
112420182
114590991
116640573
119489550
123899702
6237655
35088889
35242672
44249040
29023973
53146134
77323595
97035895
106813562
108417979
110850495
112760160
22689679
35555628
38642478
20931479
31036482
36443560
63512320
70719461
80474896
8155210
12004664
10286215
8668930
65246
25119789
29872455
8998051
25877944
26404144
258911
17047275
27828596
36727553
7089438
31111515
31719235
16840214
21895307
35859485
39570563
40950460
18503484
23031838
29417471
40083545
11769433
20615345
55944991
18399601
29673329
6246385
13965637
20372091
22075481
2387329
33870967
12362964
12927565
22911469
30782645
47788201
48180194
14226897
27752219
35433304
10178290
24046660
16414247
54018375
761485
18166773
29848142
30120561
31720487
37638164
52667535
9866765
44412343
86055
36814872
56248442
76868658
83736307
83927236
89296035
91696317
95603392
95897645
43621083
49684123
4725933
7735360
18075541
40867365
45540011
50061584
20175828
13017841
9560388
41891486
3738433
13046419
13348787
24477522
27455191
42286104
47936702
58939606
97071827
11864250
19054415
30328857
30608789
54814703
71275363
75090247
75435131
84551190
53679736
58312394
71011585
72273831
111338109
117747607
130034378
132432755
132629572
10321198
37678250
5003642
35602416
48953432
69603293
69797093
77037392
77743886
84313195
92130825
94820838
95680652
32803006
18298958
33112897
38982844
5203031
9283562
22946928
23988701
47797421
53930477
54397083
48520291
72209618
83635624
116434808
121214840
124387596
127945458
134868249
280274
12521712
15738389
26964187
31184996
35791731
38592096
53711185
67659770
68229403
73481889
77285926
86977864
23616023
45445876
62496512
67605861
83350809
83590549
86782821
86981029
88560693
92021937
19524488
13672828
36426445
37215029
87091655
88588801
98332764
103803893
108797785
111058438
113948543
116761130
22035516
16645346
38365760
38905346
60429894
68097597
78665381
80510467
82077126
82668775
89283068
15775087
26746150
22488776
17807372
21273341
51787439
56195986
62667413
68689712
19244995
9380511
18257759
22116934
20312848
25424940
19939922
26924626
30176679
16697713
18203553
19897025
34624348
35387481
11936969
18806476
19959656
37957822
40783532
16265657
27264832
33282074
42097117
20371931
43784171
54615784
62560405
77897757
80970510
82199416
85787703
107011153
14585531
10069374
7734587
23551541
41218131
47565762
70456769
74033590
1273717
10229651
11675828
20566042
14254546
189417
28388229
41583457
50355249
10120819
20387485
30264866
34579479
42561316
52054577
39334018
67278179
127643411
130206635
133510033
138429919
142232538
16007161
6651260
10344064
24822220
29809542
7332730
51245434
66769873
70253905
77951134
97628363
100225149
106964912
6588101
13584069
21175273
6335393
212316
14486896
37611782
50211868
71101664
886506
3884133
11288704
31660865
8534036
21944382
24949368
29310603
29797075
37089810
39330938
48822559
27963663
47352936
11937713
23697443
61097601
6023356
7752892
6847975
65697924
78423395
105967128
110309810
118395238
133235927
135667764
141402194
145586065
145942329
28005477
33781176
30119733
55316588
84530311
96365683
104128698
104312725
25492093
27745177
204596
5327838
7339387
10168423
33848802
37199811
14044904
24155802
38899027
7551926
23952193
27900625
6842012
32710698
27930303
36448340
38564133
49569246
59043591
60877225
26293939
58751220
70005515
73989191
82025918
88216711
91974704
99759204
102404811
103659926
22249046
115273906
128031529
132973546
139283763
144880710
153720842
154453822
155763458
157263706
165305631
50270191
79179365
83865379
96096877
111910058
114849175
116554906
121011552
121987143
123668956
59053138
83187447
100755951
121045096
138930961
24216728
38959043
42229547
48999062
13412228
8422473
4608064
13839619
22928585
23407836
20383975
25815796
52654997
55375930
55705429
66345021
9852604
27821942
66053525
71010029
73927401
81514726
100370366
103049991
18108143
41710204
45171501
8267085
19932671
18999376
21909606
52315284
59325695
78027923
83164917
92117060
95497532
97394867
97527242
17073610
29578715
63711117
82542302
11366761
15059222
15770886
20258504
37898444
47356808
59367139
70780546
75171253
42783740
63368774
77827684
80503992
97493400
100854432
103238293
110103599
115050650
117283183
14684895
42808614
74617770
87023725
91237900
121474490
128927742
140778320
142795637
143030289
151910908
14678884
31221419
9505366
28674554
36363441
1941949
14709978
8199386
35745330
49726854
6790522
20410077
11517510
16962614
6361317
18570515
23394383
10738597
22972483
46965016
53166
15587304
17854187
16547215
15108630
9343602
19050745
5466561
19143360
39109922
8636567
15934018
4765070
15910858
5688670
20308400
22130622
38152082
7711031
2832638
21187908
26242893
46852577
65428367
76892977
80474645
96739528
102425695
17413286
10491121
19076796
7575195
19773082
20876676
34318935
37871027
17871561
27216070
65654
22486833
32790876
14978138
26989842
34420514
50694393
54083596
58249618
67709732
69869748
81664993
87708114
82316581
95539898
134790269
138760115
145929201
147975278
153577690
9593890
11446927
13976387
27978359
14222392
18451061
39919943
64478217
75282858
80317800
84398159
87512322
91155382
9923416
18735921
16257215
10862150
33017769
9641559
14806470
59213
8197690
58408
15010702
233714
22649725
27495229
34869205
49391471
57178801
59829793
62756736
2347299
28015110
40641537
58112692
62556470
67198644
83088104
114696898
117547100
121404668
125887965
127074220
127352037
12948610
24640556
24806498
249760
8377359
11096228
12017980
7841244
8673870
12952978
8853611
46595896
47676035
53060911
62632668
72468808
8563930
16240198
24924602
37637943
75938885
81253969
95334347
107101103
111443758
135310960
138763919
142964662
143914490
145867666
42531512
61700726
71224270
73706269
86381138
93837491
110728139
119562084
7028300
8900626
8166160
29025200
157924
4111195
5507454
11875377
29546830
34549287
58717276
64086905
10949240
19420417
20869509
69560
5428911
7677058
12535876
46187609
50390596
53557212
85189266
13105912
22161833
29965073
5656964
13528427
8054570
10057675
4341836
17061055
13597023
13597023
14590312
45627396
72050237
72198723
80359872
86284508
30015725
7097729
21972965
22159221
33770490
13915667
15061201
48792450
282437
284718
6861713
7075584
29676202
46391316
59496439
65135772
66554358
78013244
78770750
83673200
6258495
13690695
10760961
12761447
20234363
32779637
10996103
37348501
39144254
1370071
5724440
13918575
21952233
11718214
13669846
24750767
19652625
89780
14642446
33848426
20737716
21001958
8338369
9236708
20712881
21504491
55224155
61207793
235816
62502551
72655786
82155703
101039970
106029508
110283522
113360460
120329272
125026476
128737054
39910047
12806973
11560747
18107132
23975104
24246406
24431334
26194641
33564576
44237617
7420588
26138765
40043471
11270606
27604194
55511083
68725976
73551405
87316703
96484041
100949765
103585829
104429950
111294607
19919733
14216936
19787931
29862540
34990061
38957451
44491125
71536666
92111046
94042416
10015692
23924822
82114442
94978714
98302561
110737681
123009779
125655327
129484309
130825690
135716348
136016007
63597079
115899490
122012028
138775074
140941739
141860921
9622364
15226095
26612936
35713105
36400899
34890191
45517689
53569091
8922188
9231096
7446473
9064474
35495524
167835
10763070
21759765
10586319
9126759
30216054
13634177
33716628
8791108
10323912
18221328
19886026
9355536
30055112
34511177
38904187
49958694
66366170
67167567
6165973
26038823
51665175
61878821
9657604
19212414
24440755
4066002
13083381
31601974
35270427
59467490
62682434
16251745
14348623
30129613
33298763
34602662
902338
8571372
12838232
15284437
27008640
58328618
63124
12951185
40796857
68605341
83215480
85318396
86433159
90711930
93950476
95693255
17288960
56965226
60071241
67982881
70995449
84470313
92275364
95786360
108841543
103838119
104766600
119267339
123771507
124369575
133799545
134745526
145820045
68569623
110486349
111869951
116840889
136256946
137196327
137967600
139475830
26936546
19722943
22604666
41149073
50260020
55200394
11273693
17089822
33706331
19712252
24294729
10911382
8951742
34272583
13147554
21776203
51342637
54590142
56454431
18777608
22032645
21864894
17921009
24365325
37316999
37571571
41098101
49708870
4827831
35012615
11671452
27295372
14363069
6686522
17673791
20586466
27580302
52839365
55366652
60340277
21387712
35774676
38962878
42982754
50266424
55408562
59770963
63582818
55255225
80329356
92535723
96329746
96649304
19564662
30185748
49444119
21001414
7154462
26358692
8168321
26505257
22583296
6282931
15809527
43261168
47993647
32166230
24201005
25501590
39015235
40869367
26221547
22058977
29640152
46009620
46685115
37581475
42929488
73317535
79683520
24515822
20047111
11106035
22902482
30172326
25513490
26353133
45470402
31392393
43413018
43718138
32219265
40385742
20459059
53009833
70388300
77329370
14452485
31959982
36767549
35499495
38549994
29429502
36706815
26694803
16006051
17472602
15515905
24488009
15261660
18892720
20491026
10146131
22457064
29749493
36043012
48598778
53562761
30469792
36979606
41774167
21063086
8930182
14433596
28328884
32935319
50404465
9550473
7829122
36123594
8417377
10998111
12006578
73476
20316002
23026123
48035015
6840990
18109866
25984063
33951920
4826470
27648879
15354341
8632508
15404659
21334088
44923742
53549121
24221073
41432194
45024214
65725380
66943382
67114989
21308506
30402259
57924203
62641594
17659085
26016640
26629101
26250291
32834595
25462763
60045251
62608512
63933254
22901198
17051620
21167864
24480932
37126843
2687249
9315260
27459709
37624086
30534034
80626248
101235449
108846897
126178839
1673046
11923426
12816707
28425986
6914977
22191755
45862878
101544634
102807027
109896655
114595402
116555571
118473496
123268830
128858258
24714513
69024182
3640670
32311896
38741226
41604704
45567668
22030792
23856980
8956459
11531955
24215505
13513782
10444393
9162472
19729624
32600443
6821754
17620607
6545382
20429761
7787278
7436712
10088108
18010932
8481290
20130794
51443841
52208183
53100290
57053864
68668733
26675956
56494429
65454333
68140660
89493861
100251849
4853773
13892253
19210260
246082
17965757
24720570
36098515
38519560
49716583
51502731
65261090
70678286
78547028
44464966
49317517
70457525
93742227
98954023
100518249
101041220
105051411
108220401
4693367
64962512
31100565
60544409
71078888
75960780
3491703
22971132
28183138
5762313
7149479
42714185
62893369
8944848
12552801
12748613
19484475
33763628
46398695
54527863
56781209
8133113
17839011
8302574
7330406
267854
10700105
47632148
15087956
25797751
27640258
31350920
12629509
18340352
21443339
7735498
9175401
25775266
77399167
80506194
90678935
91755220
93653024
11510070
17693590
27256403
31271185
34025094
41999715
57678258
60786926
105136631
109799025
110644695
113228890
4193139
57031864
62347113
65022291
102429718
112833536
115432385
123116742
129246304
137880848
138325509
35317782
7807917
28729755
4699440
49262394
53449428
53807038
7449144
18661651
135950
9031646
45304071
7436970
27137802
32419834
80052609
98948371
99168561
109696305
110502630
12876249
34929761
35693010
36169667
15845736
20771306
11305457
34106975
6456164
10259644
24048639
35920872
62191369
65258057
9831856
21953977
34849386
18231342
7567050
4116747
22241323
22241323
30067398
40918423
47912049
58651802
68611299
70015775
69878
24587394
43092302
23571062
28371880
30392866
39100927
44953515
46360835
58688772
60473809
63883201
29118135
110879093
112812936
124822849
127839756
130370623
130592910
134102094
140710227
145243178
147392343
5506071
30825565
39070050
59217920
68226959
70352554
80619822
84941974
69486
16228779
10058512
51248050
54887088
80770024
88315862
91073360
95201651
99225284
112293676
115238286
125698099
16407183
60403968
5830304
23458826
43870896
44279039
5938993
9686390
10333237
14804291
14040059
15793781
21672051
41271849
50492672
57220351
10646114
18006291
24824861
9412339
24675041
27660997
33012505
18653414
34075504
28290650
32347663
12961304
19847908
33565878
37569464
9824852
16199599
19854122
17193520
39993562
52133436
58943789
19312319
28068682
31357064
32876899
7457750
14353988
19603473
81398
12357724
4385164
18278686
22936091
77943777
89531419
69031
9440315
32851005
40038534
41901677
7704121
25740945
4256939
24105428
25422278
39738236
20867891
27599669
9205986
12953581
15137521
27429864
27671198
7131698
31590975
45234467
56742685
57326574
62085094
9208018
4648362
36315067
67438328
77325465
6389315
25607968
12603118
14154982
26700473
151194
12944181
9640862
12836050
80805708
92613603
10374145
10706911
39578631
46156861
48715297
4109078
22655205
26486209
8655218
20782671
42287560
55373872
59937447
62219143
73906127
84554094
86183868
87105782
4436955
17004075
70888427
77097184
88593187
91724436
103088772
104464975
13626725
17450668
28027845
34467566
35304411
4142480
51665934
51957722
80310498
1520109
10607131
16235128
26952730
33387757
14968527
7607771
116176
22490598
24360982
29398255
45523288
49738573
56177062
63401357
67981889
34165176
53570027
66199429
2238460
7189518
9565715
2461385
5623912
9255515
49899520
52028392
9664032
5228106
5986929
26010193
17989124
35530030
10344475
3603652
10047587
40288693
41915850
26165040
26360374
28990998
35187666
79098087
79895929
90817612
107268876
107934432
108894160
120061765
121297046
121424395
121620155
37308487
46316712
28461632
38905181
45708555
64564367
67548139
77462598
81016161
97167581
103109534
107202247
105223459
146168927
148349242
153291518
153633924
159262887
160877186
163482037
164567823
165747946
25824868
53326570
90633803
96657974
103641757
118636290
122963704
124442177
130370869
131612534
134373953
38925565
24970666
25754453
26528571
28959248
48612768
49539639
56824259
60285526
17008143
30462229
11931564
14963000
18239462
23082083
25623936
27979012
12652733
12928701
15176249
30353913
23574364
77152248
77499466
82791060
107258421
108691438
110189513
111287017
121962028
123547127
125344531
63883889
71969042
112729897
142783815
155948576
156258439
160557435
4272240
13567659
21085931
92924
9817830
18597497
28716449
32281414
35358332
21825604
29692054
31282145
37515240
6646850
38659261
7402941
23667469
12725546
20516833
6866673
13895145
14193095
16517847
39507849
7012606
7794633
21688239
10208216
16008060
62253864
13660768
20268805
26895590
28417579
6892193
11589890
14475520
4691192
13500162
56994763
86139851
32395402
34697300
38137469
14963715
20785181
10757972
14322993
22720605
29969967
8885338
44466862
52200140
54108241
72704588
15423233
17494831
20937523
29651963
34288366
26710937
34019447
11000451
58688438
8037131
11572963
14674142
17585993
18001207
31514402
17741314
23011446
25553708
32507407
40667143
58234664
23285555
34560467
39148193
47998967
54352827
61526788
12513762
7796041
5722168
7104065
31464845
40713491
44723838
46077998
50965930
64950178
76382087
93519682
94322092
95268454
7740333
16199036
28373039
29329819
43294647
74968242
80145262
89256871
6705844
7640076
4555959
12973849
20382861
33584978
39859494
54817661
78452083
79388391
83379480
87049893
11965739
10385307
55636090
70398627
71453326
7020769
10910228
12908915
16204544
21376059
39050646
73185
47627838
50382287
56428350
69100847
76332414
89937205
97243884
103774911
109597811
112172494
57605118
80768852
89976651
94058484
100092141
114309798
120766226
131914672
7415677
14346227
6633094
26803235
52482456
55648390
6298120
11865675
36150941
38513384
41016358
45000289
62118985
24174851
35251299
81683005
85488796
87649816
109521049
118938679
132708595
137144963
144325225
145451832
149147559
31325238
14837512
15790161
20719034
26210107
28876784
65275917
81340960
83824894
85146243
87985232
51024404
78134574
95991904
99537541
109938617
110067716
115315269
119469609
119834995
121269047
18681284
74995243
96527867
105198949
109046123
113219502
116361323
118979466
120504345
120652932
122123043
6559140
35821200
14584476
10934621
13538640
27748601
30507925
3461930
27436140
43211368
49470809
8635924
10087979
13145068
26248302
43953758
64988087
65646169
93537311
99862709
67220
4635737
5935387
10840920
13871817
23772695
41724344
48611560
78947821
100416706
116806961
321374
9787543
9997167
38969709
41661328
44478050
54742278
62227102
