83501658
27959891
24114722
31559737
30618953
6951245
12722134
38532385
10389307
8529889
15019928
4771727
14436866
14221038
28345200
33717554
20409223
10901099
15533941
17785159
38730432
5880557
11087564
6274775
9385298
31766079
32070648
15780035
75857013
27100829
32085498
17360968
39680564
47402529
18683873
29943108
40709171
21326822
25891512
29856959
14040966
72181948
85723788
124787308
127282411
129851482
134869080
146773078
150755016
12802656
20592686
10026868
79648061
87992292
40000009
42147890
45107301
49743349
58894052
62496621
31989615
13437543
20233478
48602317
22424242
30106753
41621854
42650649
43482838
2194874
10376905
13905876
6633622
11825207
12537346
12717167
18482521
29773514
44720592
56444934
62612031
4991460
17702421
4205379
13212120
8388402
9360567
26627820
60263949
22927630
32314980
63411722
74827075
75343441
91319353
2541808
29832770
13590290
217514
28538760
57028150
6100717
10476635
13886386
21758438
7370875
8799927
27683945
17424284
32379536
9907272
16754488
66917259
81749960
90189152
95535741
3702011
9365995
21919293
42973052
449879
38191798
60324285
64308024
41434299
65614814
66992645
10238964
15562281
20481266
45157237
4559582
17390298
52285683
56447623
30184536
31093993
6891307
24007399
27565031
4199847
33434356
35481515
110470982
113158682
956602
19307698
20406649
22673049
62230907
63284134
68043224
73461939
19903482
66663654
79749130
86989591
115549612
123105395
136684893
143835241
150388245
17427013
24686586
6019818
9537411
70550066
105374452
151787620
152382116
159073546
180509548
182704484
18104347
23336275
27667379
42711501
2839442
27669293
39537964
40475909
43540654
80447412
81418724
17111649
25641815
29325370
9366811
44301202
58737976
60659281
65237392
12009577
15830045
20012804
20763185
31246853
9543131
3473638
57576840
60642831
23582745
24980559
49190880
51039453
51611510
15219882
38127523
14737393
17656346
6143155
23817896
48442565
52746700
55197739
59956394
75130204
117117381
117708555
121095822
136978344
145060886
162590956
178001531
182961080
187955809
202826278
206505761
13051277
9386387
24004592
47361142
60086524
35024468
71644236
101187032
110771324
112740468
113741375
116630404
120352320
137003403
159645835
76877494
84075246
93893119
95769818
99263720
67527888
68673414
74851196
87090769
93866248
96116968
98357939
114339955
124749756
26050139
37085690
46591880
96081046
98090146
117180627
117747184
120680674
130703221
15679066
35665886
38073793
18660429
62447959
75274369
76374033
80871121
107719848
123187769
123695486
137406329
146466251
82544545
116300451
118393680
134033591
144402172
149184129
153915141
12378936
20949617
26478205
65062908
87317277
94320127
95196478
71745764
116982879
119690150
130431711
133919530
147027624
149761649
166211236
168769000
172417817
26561066
92034251
131112720
3970506
13815185
25002536
33949068
34566158
17130504
30499316
32908266
40141671
5999697
19773471
26560686
48090926
53193754
54698053
10260522
18730650
20949322
25001562
21896106
42624788
54116163
55660044
7068613
101480354
103343319
127737229
145794803
153329979
162676360
171477926
172986147
182703479
186750300
44042379
46601757
49047252
56090271
65363614
85661918
89840965
97785665
116187369
118257149
43751672
67204377
74050060
95701364
104599186
109000832
113573563
123628494
125820013
135724361
17880746
34866702
67557935
68126193
68497637
76446880
80429157
87402223
106388995
109302405
9996134
17633278
49333000
54449023
66697560
70348204
78672841
89781293
94257480
105586608
113985742
7370800
26739268
50202405
83134504
104088132
107329744
107837311
111058116
119384757
10991831
20521228
26195632
12541670
16834534
6593275
44206051
71158214
6836890
16259443
16686241
33497603
41441304
47121726
48574076
36726847
10213688
18121401
28887900
39827402
28380726
31245749
46321687
55752372
5850101
6448856
14232142
18690285
1943708
20799395
44709790
51755670
55804364
81970040
786866
14341686
9353346
15869413
16040503
40398115
53535993
59198611
18091249
22763090
7528608
9172490
7788794
22005689
26534209
8478741
36362811
55878697
9137052
17930671
18996651
31411078
34773481
46650577
14863174
11580532
11240953
27186524
33245813
44757493
63149344
83420919
91980730
1821538
757164
14594912
60961584
78856521
8612920
11939708
12455843
17558967
4573164
19739697
36272630
48355608
8718284
11058209
50351557
38232313
38532593
62770765
106769035
122719464
123199389
137904594
1123270
13859232
19441469
10968870
8548894
12589011
66342835
16180444
17642529
5804360
20802220
44433591
11242753
14927059
14453436
6023093
21442105
28440335
29697450
51680687
55948850
6813482
18253423
5105867
16400201
28237843
17466592
23433915
22191775
35839542
37014283
45157220
46609378
8379087
31608975
46177689
48480804
51155564
5900410
6671528
15574021
19212232
28976261
39430264
32447424
39990192
41097858
3964060
18975371
20457423
34791563
35982090
46787881
6482027
43632924
58257872
82137820
10784355
30962378
3266136
5008654
5935055
9880595
6900716
13539596
13922514
39568565
54971930
55568318
65833018
70057650
11546992
18104052
12881894
18018283
54056268
8715352
15153131
18892218
35410572
35835364
65067176
5113838
9580463
26233987
14105497
21703154
13078729
20259996
26858004
50342968
57381531
12233313
21824978
8493248
21491104
9668472
15261329
17645453
24337625
39943218
46087378
46375532
27705803
37164382
15190803
14782610
17045026
30668530
42810763
44714059
55422899
9805720
7880622
4661018
13939417
49029629
51049369
59193859
79430060
82105115
83780193
11310775
18722096
11717994
24002464
26465033
29818374
59764375
60657337
67818570
70157572
87619189
101940908
16063056
44244490
69480360
78111889
89099409
91192040
104223853
113023893
119714932
7351189
15224102
9596340
13422271
35921033
6168040
17899357
18258236
5074582
10394122
14642806
28653004
46658510
47732541
-231079
7397510
26854056
15770483
22635290
24670491
25301484
12698334
43371730
47191743
22286375
31811111
34925594
45316946
51651713
10536452
14639691
31598605
56856689
61361059
63083835
12737352
15476208
5597483
33107193
40288441
25340176
1295279
2611543
21152019
23264289
54472135
54853526
6879189
555610
22684297
4599297
36023614
10118206
24390375
34777978
43306566
61847828
66335363
68528638
71842733
11015555
53818664
55078975
61286710
70755744
79895475
81212264
15477104
19587094
33825539
41105173
33207008
26411307
14343239
34406793
37882282
51654719
5313881
28257996
33625762
16382979
7904776
19919577
42740111
50603214
27876656
1987158
4158136
42230059
6801413
8501941
32890129
33372567
5097461
13023393
19566782
37619160
39778352
47664385
50451413
56404865
80175614
105851833
106477492
113320152
125595291
10941995
12200162
4644490
7316130
43350517
59774745
71037601
81638116
82649197
9019992
5176165
8364922
48921868
12493412
15126835
18779696
3741634
22702953
36277787
40086280
9484016
33210068
44764127
49746991
60148651
62093393
82325083
86421411
96168086
103654259
108744128
40394112
46903404
103474954
2677504
13314471
33359422
71303743
73760673
2809378
9637331
5927623
13077422
4794047
6896912
9393605
52934046
58902353
15883149
24044360
46698912
10003692
12974000
34021772
39101341
49289997
9129389
2577521
34844365
3087421
26401835
34223025
46022712
48033477
55355249
63288238
72148628
24223689
15702379
11220637
14042555
35627304
12940005
42033078
46754212
48641574
8636207
12739605
14895825
328822
724871
4283153
45800093
75004799
1198938
8128233
26044418
6531295
10778281
22095534
12137453
6700043
1708832
8921790
16478164
29845519
45638299
73052507
82776278
15244919
4086963
25223755
30098433
16027633
31504547
51350732
52179306
5637597
7406261
9243862
5013013
11534332
9515003
13056270
48289924
9620377
13717768
33367160
47638352
8077751
14061794
19879267
23505511
13625430
15221982
61672623
68760073
6102059
6630767
23570264
44656244
14837316
20986061
9326950
12926739
9360112
24000675
46754120
1914644
3406032
14324723
22280259
18987380
34522162
43498731
24353219
27680197
3902276
23288058
31333012
36024767
39307069
54986839
6548127
38866789
46937490
10198923
11452412
12599169
6249183
12180941
34665806
39296769
50725123
18031097
24589076
1448194
52225808
61876373
21941776
26254711
42885484
6442625
7837749
40485528
41828714
7528964
38702223
16732640
15614684
23705417
26636411
30710873
39631508
28706694
15995416
36148839
42543061
29251543
19680663
26455496
30089608
34821984
12779743
17214212
26047161
13298309
20650721
22604706
24707818
18840070
23053483
16027436
17869302
40404658
8112540
3540873
40463670
45257217
47993009
65578725
8606440
21562975
31748360
10380848
12739347
5252582
9804669
26064253
48209391
54413674
55620861
68131189
71457231
85588014
8866505
16549846
45441197
49408832
55459906
57657761
6442524
8670449
13100609
28036781
45020418
46490235
43652009
47716697
71272604
93396792
125205675
10581182
18751942
15446238
11144181
13965276
18039017
9324804
11012725
8249358
32267474
57783978
7281384
15527060
30692759
35421934
36162040
66839621
80786658
81026171
85366615
32120426
47801623
91657352
94163744
101442955
112502082
6847785
5432012
22771220
40629379
29341277
3177069
10751255
13357085
21246051
31896146
36550020
42436262
52545749
75324995
83301875
23042393
63458257
5565975
9072341
28373615
36189708
39675177
49912373
53466213
72045617
19466020
35757919
16976095
8014891
10186531
291512
16341758
22044004
65137384
66485293
68110390
14888663
9066518
20601336
34371709
36403183
38018478
40638375
42231765
10435950
31313707
47905758
54147489
20696807
38646294
44932993
70742696
73441803
22513277
6290517
16751671
5797912
4804424
15862928
21376167
25237862
32453473
56744587
58790923
61991632
4215267
4507054
6512153
27604945
12184153
12261887
21413270
22489799
20959894
28963367
5245916
17032440
31449691
28887139
5313643
66191884
74749606
81321196
98100050
101823847
102679189
16346380
17118436
29917159
19830625
35378044
67166351
77752791
88596173
92537950
99948373
114970864
9022166
6236397
2743812
20020474
16168480
20873888
24202586
26234464
3798135
18542102
28351997
16951871
26233310
1179729
58003097
66280661
68595279
69470630
14564328
34331415
46727397
51270403
4757842
2669129
56010523
56548960
60238759
5339447
31128132
32937327
47314465
56416732
22345820
16680489
24575995
28948923
21986670
28702644
30086985
20161562
28691674
61420547
14314500
5409748
17027079
22431722
37032739
55945316
59353759
3249180
8149350
24686874
12234331
22217253
45068142
56110286
73729791
82733405
99646581
11908959
14227118
23905532
8474300
16585342
54057736
31200711
47897618
7991770
112001262
120177113
152045577
159975761
8073547
39914377
23991098
55985570
7455709
55671267
71960134
67968052
31884166
38385552
38572466
23785714
6658688
15598923
21759248
94412325
127261523
15730401
31903625
39670067
7478232
7778054
27133738
31899765
39266422
28675232
35621960
50728748
17765106
18926488
10770222
4414191
12596252
24256659
30516371
16234638
4903460
12580853
3350522
36123498
56447790
7371168
9216120
9629999
5930376
17256850
34295654
34599969
41162604
53247015
56904258
13131671
11632515
8679156
19606731
53422410
60143392
20747708
4694526
20650165
10232108
19962105
6040510
9268049
19582418
23798302
39118522
43920629
7721849
11213985
33947747
5038102
11071201
28800320
29652100
35457184
44331720
46263103
17345362
30407610
58473944
59884484
60979091
68922512
79964840
80443252
96391881
18713424
69071489
89103339
105169461
137226694
143727149
574740
9108832
13961586
30615422
15952335
46818523
10955515
5762466
5724021
22451408
35961569
44445291
10652534
13316044
14169932
36152273
382106
5453090
22151859
28088783
29489406
18908407
24212255
45081040
13933727
15215338
32897972
47335643
53803424
78013024
78385235
109441562
111679902
10721774
22334995
26305855
29242646
16355144
9515346
16810425
25571803
11420068
3132837
5656349
17638811
46151069
21001108
7725614
26490514
9204043
208144
6634121
21963978
956336
14046342
10277274
11108236
12345652
28739821
38473682
40491107
8337020
40347698
41474800
32655229
15650498
37063970
42785811
51416845
71160396
79400728
4198332
4651033
6964931
26588540
32208556
29965690
9955203
41105513
61279101
61734863
62022852
72260967
72855573
18343868
47302496
52270940
5108344
9329180
14289594
26364212
6785598
7546395
13208123
1054894
13297491
28284682
7989020
16584300
18283911
30537890
39160010
7142815
28766672
36440126
4597423
14558894
24863464
27079691
48090518
68003756
90129458
1648037
7619236
5008398
16030180
395370
3212156
32351498
27082338
10892168
21610573
16246702
12559931
15679810
17552553
24139636
25080237
19358289
11501596
17377844
12191715
29532799
36044263
7128569
23422291
24931836
41537621
42334540
57839506
7377272
11434263
11256777
35688475
43315439
8195552
32359277
47366960
51446264
6857427
25052552
37191158
15742596
9447975
10038549
43269376
4846490
12968489
14331073
35914403
5172927
28009906
33141290
12300243
26768149
37318080
59249889
60986600
69337258
19949293
27672630
37664112
43018226
19658055
42032479
45369084
58221776
71138610
91987187
92644515
93602378
94479270
8448836
44048016
9261542
10503515
39373891
41918284
52817086
5082864
5316880
13572440
19485802
30351582
36469398
48033437
2113079
10159455
8846863
39252592
45329556
10479543
6423788
10076787
7815792
10645459
16996123
18933120
3380154
42266391
51664781
67649019
31057739
30316142
28256033
29519116
19135033
22803605
60120526
60829456
69880203
72810157
21017268
12141415
22568442
67979258
80263331
88136529
91086548
3140306
22443842
5797864
6131532
6982702
18965980
24271614
26247463
29627307
33364202
33842534
44010981
48742234
63976397
12074340
24192821
24459969
46726068
49008901
10004733
14481207
27366346
41551971
43391979
75320461
76609123
4146876
10174892
27364600
41811816
5470518
10301666
21274308
28117011
30612837
36291217
1218016
32662100
57006919
82390987
7044234
21804372
23407422
5943637
9955380
15272100
61631557
7393657
16468063
15440155
40176057
65593019
89391946
93238718
11644856
4864005
6859766
1025549
13209219
36286695
44544162
48158851
62974007
6687942
17782718
8345220
26156453
31134152
35819367
47068533
49202371
17476758
34583855
22323946
69851449
77560849
80776284
83838359
87997136
8229485
41108130
3754108
4983219
9214491
36901068
44529632
67101037
89903520
92418909
118946900
9241855
898166
6426937
28237212
45054391
25643956
30475925
12520514
714265
6087574
8319986
12500229
5814922
15561722
4016826
5209998
14617124
24792252
34599712
49852578
13699220
43295906
66239942
9151851
18616334
79604795
95187585
99921462
7538973
8491617
11091366
11655157
27007354
9955538
9193730
26265588
30258301
51941325
54109511
64060997
82933658
95658624
96883250
99873975
13461846
5338734
8685504
15647015
56628521
28441555
1968442
19565689
25876315
26422135
15818867
20532185
4475060
24613554
40324726
14527194
3750435
9490764
18972767
9043455
2287756
3384273
3872671
25079333
26880632
35177023
7120850
14680901
18513205
22453452
27711341
43137423
67421194
72637884
74970017
77937171
16265788
16932435
13151459
22261404
30682314
36680507
57945298
77160199
13679508
6413012
983962
5884916
11599179
54012135
81105570
84314040
11716686
32284886
49034717
12956017
18459424
10959982
6069089
29631043
10749229
14685848
27494931
47498387
19113505
22282184
7069109
23464880
18545830
30975884
31544957
38588812
40046310
50734747
74489960
91760060
11587642
14694305
39892573
8082842
26373030
28671261
30565057
57535855
23952433
46942270
50211523
51887617
63435673
75777278
98264835
102220755
287443
442681
36636198
10796666
34719432
43781661
52364528
54397876
55944150
6937278
18149126
3998985
17672290
51378887
51833786
63153221
82615028
83968936
92184576
94895969
7166615
9940668
9824353
32893234
71377455
76000348
88980752
90453626
17331194
8014654
13904290
14429554
29501721
61826935
7556493
25867679
10778315
11179444
11428238
17012460
6193992
8521059
18163060
39233732
69492684
70841193
76664360
80571576
7560750
7829200
46692397
61349217
63801651
64324263
79058258
90886118
91140657
106513838
119806006
121937762
27626572
29457566
9179569
9958051
1636039
6752357
8191666
27070484
14086415
28032435
49391073
60216544
11206247
34467148
65785684
78859303
80485600
87536126
91476589
34153390
19742499
23136259
37150134
19264455
27139398
29111881
46943225
54600833
79895491
90575469
93254573
95119940
13734329
44449451
53013636
16587851
10931114
33303449
39184354
7093382
12052792
26942800
22560831
51545954
56397481
57385398
63760060
9293131
17547723
25272768
20289084
1445411
34504127
45771857
7842788
10126513
42161057
43978327
20326167
11221773
14336943
18212998
24825413
39145785
41663349
48666983
5729224
6030850
12387220
16762662
9190172
15904270
2840470
18612772
26758308
32419542
56079589
58729371
12041191
13105055
1089372
15633826
23147300
51492033
8570975
22181880
18122195
5908600
11125130
25761254
26414916
13217651
20061696
29260243
33930047
22129372
30865921
7033459
11329424
27674929
34169448
20043739
47177229
51505585
15540681
16549887
11323137
19024967
37037719
38990858
31191434
36660882
44971406
17457860
33622625
39060219
51844670
54943179
64306495
67068429
75116661
16462964
3706081
34162735
24121273
41862167
49934488
60440330
63911576
66486670
27807583
30850753
13736250
20510332
17693949
2796953
10730793
19548327
6250954
14712698
27125134
30495458
39429010
8911286
21930647
21549813
24799900
43807841
12209618
15399010
1692998
22324799
33408290
37335606
61390977
66743834
77079869
17889566
22938026
44549784
57117427
81876523
108932148
113352255
114456491
2973371
4314737
30599165
12397903
24344116
40729437
8528404
4726543
25710712
33736855
47687960
56171791
9519253
2389676
16066216
10349276
9382007
16440894
31338267
64401822
7150010
9944993
8636834
12479813
6689248
15805708
28839366
32491059
42636247
47448260
24483241
51178297
2624464
1916973
31637424
32310639
40301853
25659317
5060554
8973036
24869529
15652725
8793736
21957345
2276901
15174302
29671329
30924258
40497804
3042803
19135635
5088647
13034636
6422630
47717256
12068161
34845066
6187553
27405560
31211478
32176075
9785647
14259148
688307
19192498
1154260
14806432
23565418
27392864
31790930
4621491
15563903
25117580
12655458
2105195
8293849
11719976
30186488
18457502
23265920
33031114
34737064
42240039
45326373
8647949
10930222
9362413
6800638
22551228
35357695
41236427
45229812
54208743
57916174
60282702
74912472
9352319
5091424
49603468
67131055
68776101
75418665
88701044
115200021
129503795
12045856
8830281
12666588
34644995
98618700
106621288
114555379
21144256
50933048
16314636
18997545
38820852
41738735
42117571
46094163
16537069
28583711
5285979
11977949
25618352
44374991
54178515
8122561
10603364
14776488
10323418
35554507
47111817
56727963
8123718
30876215
34605187
37026954
52614275
19344797
27004042
6412363
13168993
2394355
5571566
5249415
14477859
18059542
34447346
40362225
40994266
44337747
13871560
27946804
21608559
22737789
13191186
25236201
28527511
16109225
33946822
41447162
42664163
12569818
656304
11616244
14138766
7060207
41980535
54612793
60835545
62497408
8175510
14636089
15120564
26764384
7263284
1429520
55171899
93092900
3573015
7521207
14313991
15154070
24640015
33826746
12647562
29082178
33228576
874340
20566022
57247436
64738680
18821744
7859754
15709806
33074686
12510334
6045263
31379403
4326506
9009652
9841857
19842741
4068675
10440046
20486883
15620182
22678082
9993122
42697737
24560537
7283740
19057582
22014190
25759171
44335437
50370730
59066111
4585226
21732217
27558488
10488545
13781853
10163125
27259849
9098952
9558808
21945441
22336452
46674922
11113962
26908444
18553543
138267
6012728
57226356
59531450
64375067
66640568
74755812
9536196
26386579
39506459
8928530
19626807
50368664
42433210
48244586
78086496
79985221
260130
1719378
30550151
32922846
7935404
28249526
8590405
24653635
759451
6369032
8801934
18102554
22038317
27034110
5894054
6316478
25322736
53515939
13592561
30071865
38617081
48111052
56596757
72870606
79956656
13012536
22071904
20506818
39812244
11852453
14322148
18608926
26754462
35230612
17586927
3374581
28182672
31694755
33830787
48392440
8872857
19310955
28016511
51399146
27814071
9965325
24222720
4988750
20984609
10187860
15793238
19480297
16315272
26160977
51408021
69952895
70482324
13634385
2392149
3859815
13052801
15702229
18644016
34340411
42201730
50355296
11578381
12774422
13340211
17754218
46044173
47371210
57114064
60899978
74754372
79321310
82470764
91174290
121532061
125069091
11240742
8296822
13812706
16746050
10001325
23452676
12897788
6243242
11684448
19565598
33355172
18639177
21817528
5520288
21430563
31406114
31887474
48477717
53665900
11960494
14607152
6672431
28556322
24024613
39737307
48737766
53049403
55689588
19384191
20415385
45608960
46983199
57016814
62933044
12867381
13651441
34775218
47941179
58898292
66255873
92321672
7380171
15586371
4200592
11836574
11488975
23881046
29681592
30159796
4223932
31354790
36052004
3587428
9470525
15781591
23997711
6793410
4959867
20981560
6768557
6009520
17472997
19450626
43488076
13518998
32517796
36451195
9121371
13146911
7091464
60695682
78127282
81170352
91712340
93863231
9755244
12153100
26474795
44355973
47690102
7024439
9264579
4436253
48950659
84468749
3413380
18623177
24350199
31349551
36130361
37346937
8338784
3647604
44737694
46591646
19347450
20329819
25855690
44737778
5720136
8930890
19235652
12355334
10889586
19759133
24493982
24849414
25166830
25487971
36480755
5382009
36615852
16358607
13882337
54072994
61229169
68538293
5103009
17576669
25411352
15426557
11842108
6718747
11399578
34623926
654807
13855263
4028746
12340531
50539207
54776677
20783834
58795098
10484741
21997406
25977766
28559930
30764122
5698204
9183178
5038688
14148130
13044619
14615544
17860214
31959093
39201958
10682821
11557164
23849959
7680515
52651885
15443150
32050140
2135523
5695867
22386386
26413686
42120681
56694031
62351709
35588324
81123884
83626185
102570871
105308468
108589685
112946894
121061025
146317936
151213684
21706612
1047387
37987331
60404965
5978349
13936772
35797466
51771128
5044125
25880541
40727157
46426075
52769644
7917060
25661647
10506679
12982975
28180908
33497265
40570543
41266227
62688207
69275131
79186002
87311726
5894481
40697321
58951603
59485492
67521444
69116261
77342974
82987997
101498138
6753002
12959230
9029333
24109685
30363203
54763689
68005709
6157907
9168916
9609087
15361290
6731315
28428697
68413203
11637113
24500011
31291338
13530570
4088580
12443223
13866850
4859206
28172765
9186983
31660714
9270381
40276910
69441366
7626095
24526917
37574622
21046111
18061039
10416343
21343800
721240
14673529
16568628
28181515
7766756
8014050
9501970
36096017
10443880
11637196
23503314
30990746
41350203
53831636
60784109
68416458
84256572
7942564
10758785
11578048
30771858
54260873
10085053
15787837
13630756
7875340
19518694
2510090
22905846
40767448
44732442
57840713
79405542
84150577
97590450
102784886
11066203
20859316
4680282
28880654
33354776
47040584
72027984
78375883
82029567
19044338
4870050
18134110
14216404
21067796
24011594
29950253
10689907
19295532
25278081
25683867
46515843
4327311
14475616
42686708
83337588
23544595
22910748
27180186
14660292
18881636
38244746
47494116
54779417
62720314
11990116
21585724
23566704
31927311
40895493
57902675
60283543
81629499
83603308
86165535
13640675
21850451
5678596
41216853
46138883
30726251
38407836
44266028
50357875
61634420
2734771
39140938
4766399
28231923
43710184
7210218
6868872
13437195
13913885
31883939
38400059
53205799
56296081
63383397
10795913
48049326
103049312
109940776
17484600
44033950
44808683
50180449
52578348
1285359
24191433
26284101
24189898
6833102
105248480
107705141
134492346
147701972
157435645
161049711
178109827
7071937
8410074
10043210
28489442
6439738
14661271
26391667
