76335426
25118169
23702517
20419702
21995445
27049737
23164918
24884742
28834704
23377404
28193250
21807996
21490176
26237058
23747814
21933976
22367776
21479919
26309405
16699886
18728476
22346945
22371763
26400839
25528079
16240286
21745480
25060063
24030629
21663576
23284850
17555571
22173610
24758286
22385133
29725571
23679866
22131187
15916072
15808284
23043101
21969768
23745067
26351761
23285367
18008697
21535836
21742074
27330258
21264742
21620832
38719557
24738337
26301604
22449456
19882344
24045779
28991875
24012136
16005395
26317352
20498276
16453980
18527297
21761944
18259040
25428222
27303021
22936931
18626052
26029680
16423991
22420182
29845276
16194082
25566640
22492423
25939491
27614237
18288343
22596316
24002864
23893358
25707313
15483366
27378383
27211138
20436281
17686805
42055708
23370497
20546523
28156923
22587086
21645846
24608737
24374823
22270433
31282101
30503615
20661031
27353003
21832599
37281261
16636023
22248675
20410922
27260389
17084304
18011776
18127443
25047284
27938239
26196913
18292208
21941770
25741614
25588568
23476068
22965574
31161028
20030244
29931185
16759777
21964713
29131359
32566707
38952483
23841794
23245815
14983507
30397842
41853301
27586872
21184607
16652272
22246629
23816109
20340657
22315167
19910195
28159193
22772492
27948364
31446686
27888454
25245435
25673816
21213844
26188832
25061495
16916355
23001607
21366723
27411031
14737256
26623887
21626454
30175354
20783689
21783733
13959095
21064418
22360396
27983941
21639922
23812551
24021830
38641918
37362951
25086684
15180146
31005967
30077052
26981677
20763173
28919348
24156169
22218548
24074039
29782740
25988779
26413400
24996797
28014037
23551589
31334459
28662700
26494368
20844063
29094907
34997284
20847459
23897119
21786321
13473427
24839405
15367112
22135307
21377612
27789373
27306706
27391939
27270288
13833716
27504554
22623580
27914438
26581964
23959714
25705916
21357955
25569466
20456875
23977072
20857428
36965139
19490079
24606614
26328380
24605288
18018276
26403462
27325237
16298487
22494646
21395878
25243283
22461176
21605869
16539388
38443584
24017475
21175087
27279383
23811609
23207141
16899190
25784409
26387693
39055207
24814344
21641157
21776152
16364604
20269572
21616521
18072091
22127643
19490343
23009489
25499306
21214137
27166644
15574643
15093695
28701738
21505389
15562768
21953467
26873564
29236930
20840386
16588692
21550358
16535611
22862124
41941312
20202570
22930852
30532907
22937757
16474173
24124531
22600629
26872159
20452219
27411218
27131152
28375698
22716842
20434564
25430615
28571677
14942873
21363298
25727155
20478114
28296090
42348245
20941611
27035846
30114807
27521090
26659813
21142332
30815130
24268579
20328124
17289338
21539370
20607339
13587275
27879743
34348718
36590158
30260737
25711033
26368682
17841145
27868969
22518793
22081920
18336870
16213496
23415340
28751624
27499772
23422670
19548218
18032730
31131657
15986142
27986905
27781939
21249048
21939677
26865422
21222317
27101279
21027962
23006169
18040041
22036703
20404005
27932474
22685123
27068769
23553368
17613382
21300351
21140112
27772922
21679956
19813676
21074772
16529125
20936078
21278628
19460700
27539958
26287173
28401122
16851240
27770428
15979143
23057792
15490249
13230179
22267462
16417865
29459350
27320252
18243684
20247183
27027545
41363063
20814459
21461152
15905878
15353173
15106453
15888626
22290967
18266239
17727406
27676467
16878213
14567145
21795453
31284801
17244539
21037205
23293219
22740829
26893284
14672718
23689684
21887231
22993407
19354121
18389542
13297355
30179844
22129733
27086188
21738570
27542587
13304800
24887321
29364599
23741114
20250390
25475668
15164633
32798903
41512713
29623269
22723482
29259340
20759773
17823635
19350808
17910877
21342424
25177984
22938478
16416411
16219964
20319938
16543965
26105807
23697428
15803512
20509483
19525856
19789922
28448191
22927374
27291680
17853351
22983025
37906025
20990709
27521681
16113320
20293348
27034116
16643816
16302929
28501135
20648972
27113220
18202170
20963700
25000322
21994171
21199125
21155949
24760402
25432504
17047255
21183210
35986203
21372876
16184686
25009665
16051606
25574581
25798183
29993757
25816697
22120233
21322623
22164167
27008723
16283878
25957189
27017600
29621734
14733957
15389950
28112310
21817559
17932178
25579387
23687862
22524976
22831387
25628251
21069571
14770291
13714680
24683885
26971083
19851971
21588163
24581802
21522088
22047674
24973927
25339232
26979167
20323359
23998120
25477232
25227180
15759828
16992567
28642661
23462921
16109036
22065116
19854249
14414567
23911829
21398147
21081657
25558134
21705210
16774136
27690373
21986577
22357672
22243628
22172716
22148011
28739064
28643440
20493630
23756997
16750185
27194062
26393394
28238544
21808460
19834935
16636881
24748791
23897078
29352599
22336485
22338805
13423325
21655089
26983098
13714237
15314398
25510350
25310024
18080489
24531522
24138073
22186394
23164849
26637114
24276121
18136685
23105633
17156818
24084307
27187820
24380640
13688156
21920093
26923357
24099058
21064865
23289343
16224243
20674962
25212502
25935971
25882513
29809959
21510462
25243874
21649447
20262842
27750625
16242640
18093162
23563267
25760222
22839842
15337939
22910141
20629244
23770938
20172055
26354028
15343151
15285772
16705702
27909856
26437590
17301853
22342562
31208620
15614955
22233023
25115355
20354734
28813801
30006223
23892955
27591559
21783246
16290588
25738418
23183161
22034427
36671107
25702423
27262961
19162061
22349300
24550354
24809141
22320030
21127975
16425413
21748619
28237168
27806298
28684090
21486424
17104803
29650683
29970520
18603943
26368319
26201889
20479664
21795726
16545251
29969553
17303385
16913862
27123413
20919823
22861271
14882678
21269248
23208763
23895017
15905671
27902870
21627483
27002898
25861577
16709072
25241242
15510229
28880225
18395269
42618802
27524823
30628113
17083556
25857347
26934823
22298622
27260563
26269486
30654068
25519311
27090670
18384047
16823563
22016294
26388923
22176904
28928688
29610838
25918799
25258576
22294024
22675270
20839222
22736078
24931337
16504736
17070736
25474187
23139603
15686276
19656625
27443322
25169702
25344978
16849054
15817383
17474201
27331673
20556819
25527605
19792222
15337505
16734890
17302603
22839915
15151085
24688355
18313530
23952069
32488645
19783696
20349664
38622109
16968615
20476091
16350404
21934874
27757545
17283955
25646063
27789026
19508179
41894753
25495375
42194430
25904757
24557219
22165801
27009563
15881218
16896184
21612316
25704571
25506237
20800997
23800793
30268873
28811467
20346982
21276245
14723372
20592441
22433856
25203406
22150306
21873189
28276523
22125641
23749438
23301167
21706243
25148842
31770767
36552960
13550662
15425631
20726636
20327120
27644025
16050111
23983417
19634913
20610335
31821330
22182910
23707336
18097935
22116837
25602685
21550850
15069912
22990183
16745013
23768651
25969624
22482790
17631945
20704241
28325027
24081401
29218520
21851237
18232779
22413820
21004790
18274490
23695931
23021430
15051074
21029852
21767485
25743265
15507345
28924510
24050088
13870061
27598285
20995050
27032112
25676859
21362248
42273682
15451247
30202214
18400566
20045260
15463095
21692205
21470846
32192959
15797902
23103495
15356051
25322693
16072026
27572357
22066175
22433991
31981393
15147290
27890438
21488495
32002991
20370945
24001618
27959957
23736096
20421755
22007942
21064391
27224414
16599731
13442438
13791972
25404274
23921255
25532019
18107117
21992662
30316556
26032716
22096741
23023903
30000796
24543828
24190920
25837992
17500001
22858982
15900967
23939520
15552960
30352048
21294804
25455037
15682368
20304349
27463132
23844911
21642059
23788934
23626431
18212070
16237289
28670171
15338377
23153542
23638588
21357926
27720755
22229377
27851106
18224958
25957861
20401795
36508449
22175569
33687701
23813247
29267941
20943625
22053675
33562966
28832403
18709121
21962050
15182106
38592900
27948585
18186127
27074351
21983605
22707421
15721741
18607110
28949284
22272458
22050765
19710340
21991870
18481327
32933510
17320050
20615391
21775700
16556329
15912604
28353570
14655360
22294067
13276667
17413440
24895263
40975263
25584299
15385160
24887814
21576047
21889039
26128644
26409170
24206312
22823066
22401053
15641434
17943015
22878491
26628098
25090436
21193536
27667397
36615381
16595179
25416208
25765230
22554025
17952001
32311362
21531202
16416799
14127593
22508215
20423834
21536374
24602476
17554104
23722965
22143401
30531167
27914433
30316432
22084397
22120150
16270898
23044423
27436875
25712900
20588588
15282288
25851479
26232702
24601543
25549129
13931631
14803331
21442416
23090880
20607486
20557969
37025798
24722212
21695617
27252854
16490177
16739718
16555300
23145323
18028166
19672307
30144160
17922655
20136838
18261475
21195831
35168237
32147591
25285720
15542764
23835077
24336998
23728106
22253116
35308114
28743047
29699962
20724155
27097429
20855551
24866074
15246384
26228963
23126705
23051910
20050317
32815378
22289942
20583557
21338192
41921780
24638844
21880489
21594735
28382682
22180952
16903923
21698682
21880052
24869105
27848804
20120927
24178987
18506864
24901411
24865581
23046640
17527133
19784132
20400897
28034438
28903593
19685710
26208504
23853510
15360502
30441078
20490896
21656913
20333245
41941795
22124908
28898984
24258631
23721251
26120989
24458271
20648553
22547237
28047568
27257444
24543348
24448085
17333411
21328486
15155805
16692100
21767692
20899073
27258594
23525234
20736872
15610164
27906859
20709398
16448933
25845331
30752441
21485364
21649408
26243306
21007674
21947636
22925706
22020535
23278912
18054013
17231530
25901959
23017622
16225602
21447812
23811283
23834495
16946320
20816296
15771658
24713643
19995638
24583918
27174836
24679459
28429973
15270590
31100975
24099362
23909597
24177721
15297538
28622020
21744253
21703005
29276184
27363565
22132203
26808189
24387570
24759772
23679115
25952681
28569463
16811483
23886501
22116768
23584977
15378528
21192916
22512112
42076822
16501413
22306721
15855043
15089573
31037986
17074067
17190270
16567215
27405291
24551923
16516597
26258463
15526524
27910401
27151489
21559104
20414073
21405411
24758363
19972389
23626389
25456643
26525015
29656731
15105466
20848553
20055103
13584381
25559282
25390185
23284956
27418704
28989292
30163931
25883097
23058168
27603942
13382100
20058924
16316051
17680028
21696988
21462775
22474183
21621752
14951652
25968992
23733191
16697652
15052237
19486653
16940187
24013132
23827207
41357733
24411019
26878156
20883169
16635955
29953886
26403953
21672855
25078430
27329230
15254193
25318276
22403286
26779577
20900189
24098275
23519761
21712968
25214439
21993457
28458659
24528206
20385432
27431536
22029499
29329554
29403167
27298345
26885526
27161932
21838053
17635051
25419669
23309631
23052422
22885504
27169162
28143916
32060634
26240214
22141914
15205697
15374185
21734127
27982929
37035040
16200792
14603201
16173633
16751934
20110504
27672991
20162459
18515148
21892334
15801190
22105670
20543010
26411054
29511357
15101180
19605826
15497987
21276516
30480996
27698877
25329268
22945804
17377975
21369058
23048033
22541532
27185423
18347986
22849855
26811489
36862968
24409177
22208038
22779530
23998959
26931709
23171335
21128018
22789121
24660178
28976635
24464051
28947271
22095985
25322051
26550387
28862949
22132080
16562459
20883374
22047043
20147753
20530973
30082948
37971215
34769043
20796077
27058683
30691989
32360176
23604063
31738146
17320535
20949659
20664618
16517393
25803876
27340738
24656775
21499436
27234678
18099616
27269584
21428031
41561300
13987246
19712770
15198641
26099492
14521080
15607856
24687360
24253434
21910918
16847646
29209540
32220755
26710796
19553467
27134622
22871831
27343880
15322416
29625011
22320948
22044437
25841380
23829496
30116102
25532775
14873919
28046116
27192735
20201102
27639168
22190160
26846789
23703591
30480198
23643760
21077236
27758776
17181996
20998624
20433559
20595742
15622408
28286246
23264543
22190279
36698822
14559574
26035519
22292056
26125945
28113697
15226798
16320465
27039364
23884823
21987194
29384820
19564394
27590461
17336537
36579549
22934853
24073739
25764678
28000904
21681363
31416453
21499002
23051534
23036828
26224059
13824107
18238791
26541508
18519127
31692101
26274711
13671645
24606515
23186220
22045364
23056659
21641509
30092544
22038768
21428982
32023115
23125580
20817625
18006704
29990455
25139816
23302979
27522610
20806896
21290859
23379702
15293614
20450442
24125430
28666130
26433238
23551028
28651432
26527929
22498850
14377073
18072592
38748292
15511331
25507974
19689412
13699362
37577644
28054498
29711289
15486576
15179760
18356138
34087208
16583807
16550598
23966418
29001007
23253528
24869430
16126455
29044067
22397308
22158269
22147907
21928672
30382064
20592486
29019117
17397381
37206087
26728375
25301107
26819822
15276116
24574715
22050851
20139498
23554816
29487627
27617707
15329162
22106636
17394545
20490764
17847636
25852572
17170876
13517034
13431951
26886890
21787866
19708958
15614866
20413413
21049571
21857464
38569376
25156774
20604256
29889224
23264459
17574883
26165313
16442889
21837575
21556559
21092246
21759224
21838387
22596178
22313391
16648889
28171790
27005830
19429470
22161835
15835427
14910096
21526129
30541954
25294628
21795879
19456420
21620290
18264473
24128050
23865941
23161367
25374468
21439047
14412796
26828158
29309393
27441480
21650820
16633715
25965684
25077652
37348204
25104961
21623148
20368941
21575327
22027661
28783122
17112054
31183285
17946681
18003954
17452333
15462666
17148643
15584397
27517254
18140864
22990158
29949765
21382653
16101552
23314313
22536561
25025125
29319619
16014640
28270558
26170178
18269882
27014753
25202063
16269572
20241340
25105187
28201327
22506831
26922861
19526765
16281286
24974394
25358131
19722787
35639021
15759411
20445046
28527917
25591021
17084816
26093488
17737544
38887771
28016692
16415198
21855870
14415268
28237593
23001751
32520254
38420374
20129384
29282486
26057519
18136081
21819119
14882246
17896579
27298119
18389936
27411368
26835476
22946869
13503297
21310428
35201146
19443174
19506996
23014784
20115744
28702818
26952345
16335443
24212421
15740859
17291176
33655198
22132161
21705406
16544356
25887203
29900557
20199237
27670686
25329945
21901332
27410938
21946492
27310723
24954014
23757445
30677803
17103616
22000603
16356092
28033886
15798787
26056950
20547286
23793852
34962679
23039315
23484218
27227395
22020081
18565975
21525491
22315883
32723021
33035329
22794694
21443660
21898839
27844126
28397208
25189992
23683318
16533607
20540104
20844930
24694915
23262626
24969356
20223089
32807724
20051507
23020860
18453060
25049674
23927707
15961614
22936184
36873651
18203137
23145861
28682035
16873263
22203803
28907308
28115445
22195926
26073798
15309430
22117891
22173211
21629522
23671721
22924678
27418333
21489986
22035191
31804899
20565158
15840205
26340146
16425580
26472763
25187847
24419478
17468373
27100081
16203591
15838981
20256197
15160032
15604089
22125766
26162888
24000654
21702525
29836626
25203360
30105458
15052179
29624663
21304839
23095110
22940868
20178612
30471904
26263529
21175228
18097442
26346909
29279740
24330118
25397611
29887958
22699594
21268765
18251213
13608400
24077152
16449737
25695266
22973103
22366686
18074265
16688164
17599873
27101531
21679255
30533975
18255651
24387164
16457443
30388729
27494859
16962681
22302732
24670486
23830862
25704716
16837630
21854964
21886405
16028570
22427607
21826023
24468471
42263830
20600187
22381976
24714044
23054823
27653385
22407232
27615148
41186143
25049970
22294851
17239269
25889974
24951003
20667916
26351836
20539757
26564383
27458707
19490999
27367627
22170423
27749477
27117643
26310560
28689501
27410045
20466426
24256216
28723077
21871217
28202309
24577458
26657028
27968337
15962906
23797844
26931792
28531357
21687334
16513766
24932946
25717006
25396777
25312203
21926962
27297038
23013253
24294067
23070371
18204267
23729946
30288735
28003309
27030409
26503025
22138072
15946381
19753984
27873262
22031912
20975709
22323109
22678106
25439298
21539118
26410630
20967854
16867203
14790555
22069827
30986708
23677045
28057109
26252046
20161788
21956453
42220023
25903551
23417204
15449396
20338652
24077068
22907672
28538745
23731479
26942706
26826953
32727263
27273585
24792046
16533422
18309788
27754985
22793639
22280324
28868382
21974308
22128367
20050351
35505656
29689640
25330979
22378399
20630073
28207472
20933680
20119487
15993181
31196087
20165995
23789083
20989060
21583324
26725234
21299806
36632535
27054331
20740043
15451815
19579707
25430131
22892842
21811768
21462047
25109488
27303025
16494313
18014928
16212513
25758879
16205076
19549172
23642906
21600940
21284113
22729119
23515629
25779099
21772284
28634237
20033081
16542196
21628064
21500702
32245681
24735372
23118940
19868952
30586945
16430793
22001318
31227099
25650234
24867330
16081621
21326899
23806155
21519790
18119874
25407020
20469146
27569689
22326502
28747161
20971915
25936663
17130056
22484480
27499458
30558431
32136427
16689913
20638974
23289743
21661008
20468503
23799534
24620614
19540772
27641792
22432944
26903657
15572119
26970265
28407001
18016282
23877978
22958762
21521763
16779929
24062770
19574765
20558034
21369987
29679099
16471068
26155580
25844763
15733666
24599003
23799977
17872914
27253216
21852807
25253042
35457795
20878365
23121041
21764882
27116273
24603744
27215655
24105954
32041428
22822746
20290860
22267349
21614896
25823923
25975615
29766261
14769798
31408144
21506523
25397869
25108467
17217763
26182869
16627292
20465594
29558435
20569781
26353904
18411359
28772847
29163010
21459918
15905937
23553616
17287790
21485998
13567186
27375232
23199951
15976528
23420494
20263943
21877155
22209093
27202166
22187154
32136669
22140528
15437276
21660318
27212939
31479056
16718918
23646911
21543733
27434352
23247864
23406872
14666625
20129350
24064723
21237720
18117805
28406623
17970200
15439960
20321547
22424112
16355088
21655089
20573226
25994197
20152971
24679399
18256907
27759007
27246827
17090276
26953968
29310626
23079732
21545729
28876191
25363999
29713715
30073146
31090926
22454515
25237408
25233417
21262297
15421940
20501045
28553530
18513836
21400616
23196536
27247548
20330697
21716733
13744423
25028789
22173191
22892105
18476084
27531623
28959970
17052988
25673081
25156606
19996372
22870195
28346943
21313796
21096415
19683508
16479003
32923207
21450309
22326797
37140509
26349600
21353222
26503310
21864753
27015967
26375111
23012148
24023890
24213069
22260190
26008934
26729916
24730472
30552599
28017246
19620164
24846040
20419128
22878491
14415334
27976898
18171935
22976273
16949013
16624833
21343641
21002111
17620209
30928141
20657020
27064207
31998745
38545542
25103421
24559090
16680839
27783737
21486681
25519499
26676908
30481856
13739623
25973207
23684795
21551828
26663530
21168140
15426626
28875889
16535024
16261416
20240548
36855988
21476931
19769064
24221275
20731014
22320690
27184422
25208004
28875022
18166867
20238979
29588704
20332756
18376365
25270877
25402726
21992495
27331684
23152937
18003523
20036734
20508559
16285869
26332379
15187743
23804912
29830316
23142352
25351693
22349776
25815480
28753056
21603012
20466890
18172762
27133052
20611360
15173965
27815745
27621104
15437338
23801667
15725252
21621096
28141447
28041367
19545733
23036531
29527794
23063199
23211010
14642793
23257734
26944392
22720405
16261721
22261953
32151359
19970273
27057959
16676596
32247082
19849234
28560847
20410754
22677389
20557851
29464118
26036272
27533885
24835007
23558867
33145579
25498719
22975656
15135525
31049525
16874290
21549657
21186886
25251168
29028074
21565585
15441464
42072402
29175435
21160892
21297156
21948457
22028112
27349233
21866914
24071247
25739893
28625314
23800944
28643515
36731629
17758206
21491534
22903980
20646367
22978230
23982133
16119519
23187613
36495826
23766637
22698657
20235526
25368209
26736268
29626930
21709536
27543187
18514999
25314419
27670663
29374670
21585332
23521224
27359509
23904247
26480990
23422904
29640199
21089244
22073740
23291891
23319233
27085811
22025843
21518201
21195511
16699728
36709930
26158380
22230032
21743926
23193256
15194093
23989460
25458480
28554069
26094014
21706413
23013840
19695072
41760516
22010000
22801283
19745001
19473323
27111413
30441643
25969209
15699884
24717364
27921881
22027969
18368750
23480743
23892523
26822081
21424306
18159288
21967948
15508222
22047026
27758854
24488850
25492055
23842884
22375689
22092084
22667876
16749858
27087880
27267132
19747385
41986571
18799727
20946894
16471803
24066989
27109947
16230924
27417662
21832025
25669754
24957319
27045814
28009225
28789567
24502106
25065981
15626923
29905113
19465698
16434746
20599244
21682091
21638498
28338634
14790783
30239656
24883703
25455984
27217456
28819253
15632148
27292833
17920212
15021853
25947521
25580157
22846163
22228583
15830921
24787588
26548812
21219769
22576484
28879170
24601032
21824827
22016847
18007710
22931733
25074671
21908560
23105571
19369304
16508702
23704899
19472200
21805849
17340730
15565476
27762989
27557229
28089915
21162133
21790238
28014431
22914108
41882453
23788537
15245806
30956146
26301867
26460000
16598208
27353926
25472578
21202447
21388972
21602380
19655119
26742324
27434868
21777242
17800501
23548554
25520285
22391054
24691208
13601199
21699945
15324768
20679586
26845856
16608894
28803716
14311038
23712125
14527202
18330999
16442738
15418867
30691437
20782671
22157383
23557797
22309634
19272854
16651545
18100345
26430173
17223982
38091388
17299789
26814334
29180950
26963847
24825535
26973811
22653592
22029102
21878540
16450708
25361831
18002083
22811075
16564961
25692334
21993526
24980858
42105584
27417683
22428826
21323050
31553867
26469498
31059296
20782279
15753820
20789737
33672957
19477919
20660050
21650530
20350386
24926526
16244006
27314038
35025900
20209297
23017688
25930556
17360173
23323490
24562901
22114673
22511289
15529003
23154587
22213053
22360526
22893033
17250060
29847393
27979818
21244697
21215427
21190556
26160373
23411712
24903436
27718094
17305616
22905900
37890377
30188914
22179748
29821977
24900281
23810449
16607092
29670866
26511641
28953557
23669742
28968029
19852196
21666417
16798106
20491640
24768557
23314858
16443882
25256092
22627112
19708669
13587164
25454675
36465960
21439003
21396163
21797337
17767630
21119642
19827693
27200797
26356061
22597633
27908175
17264804
16273201
23703147
27818796
15846284
29037727
18221382
21338876
25993540
21265479
23669420
21104422
19554152
22086165
28027549
25251465
21484375
18361543
16247576
27414083
16928246
27739957
21507543
21685762
23598008
16147337
30681087
22370492
27884504
28820539
16998607
30876582
23697838
18170365
27395502
23741368
30177389
17852593
16835061
21547252
26925462
19658704
22249233
23921782
19282807
20691260
20802076
23050695
30663407
26007623
29445291
22202114
28534926
16379294
21732019
15230488
14792998
29355087
23021523
24040952
26984912
26048157
21624319
29678517
15512368
17436123
22633860
17707100
20733201
30733014
27380511
23027717
34817814
21829780
24304347
21894707
27367984
18339702
16424348
29462773
19804110
17386098
13580793
26439172
24662200
13447309
20283607
27381028
16849137
27343687
30833019
26148335
29966170
24061173
14649174
23022291
25260192
14998483
30185588
19284355
13285310
14102653
23213079
22035728
24992082
25941387
17134789
21678038
24661936
15395439
23135285
21873981
20685367
17096193
19512228
19794492
35445400
16550083
24751262
21475424
15869779
21701835
23432686
22426872
20695550
23196294
18481795
30876328
21791343
21528419
14660725
23658076
18222997
17548074
21614474
34786139
22653737
20767825
22788593
25472078
19522084
17236415
24310131
26448146
15169790
22118679
20617988
21832681
22693446
18489925
25885873
26257372
23225492
41667620
24036027
27520244
30319113
13518059
27094071
23199616
19767453
27739099
25334987
13532062
