19947583
39420795
42621829
17724343
37422329
42076555
34294682
36914258
38680707
41584744
22613673
42353304
46325974
20600709
24803914
8625321
26211176
33747693
40912134
30107232
10810185
1320564
25536428
19766695
28482327
29935716
343054
41559434
59950335
60424714
60752392
14090505
1875664
6872931
24521092
6120045
18167527
20070050
24624292
33225482
61754861
77111121
81837196
84889220
85370817
89371008
43497869
46698502
73750030
87347651
110938770
120202111
122724663
11860961
13453887
8927371
25709627
32625466
39015848
58871995
68751795
851029
14936721
22624002
24127956
31544433
66908933
82670904
83455023
95028090
95389598
111992584
114810050
123946451
125182936
128376925
17812198
14030194
14748484
33248390
33772036
34160617
36378817
44640537
3981314
39924984
41567803
43074159
55321973
65953734
91032632
105816381
107453036
115254546
120789042
123205192
125775086
134813263
382726
17620771
25268688
29634720
3098508
27860046
33049067
39676575
54329593
68482160
1676009
2511746
13422700
26352098
909436
7015423
1919358
7083230
7624185
26833691
60550286
61271602
69454942
70485852
75781891
2716913
39061210
8492525
13644316
27541864
10717419
14643484
28489477
60262724
8043866
13321139
32652613
36524087
396629
10940818
12148930
10031941
42438341
26449405
24970441
30921727
8464664
16947839
10567733
28562510
30761315
46149460
416203
6539139
21544959
30462091
3133439
14991366
22737651
28245198
29621025
9065456
17914517
20816835
36508185
12849902
5898824
38984563
43501803
46576124
72845897
13295709
36425365
42380656
5611926
7832512
17812088
5569779
21728417
27020784
32666347
67463618
3172334
12770379
11552078
4845355
12179219
12173002
39375817
57605658
5616529
41039819
43732580
54981441
59064577
1007101
4283670
1434536
15102079
28729777
59041474
74649349
92167304
93631569
96209389
97304048
100892596
41032197
5120982
14119091
663377
11835050
8713530
33541206
497287
9969943
7231158
28237683
992186
9192136
11900648
6527480
13267608
2185087
4536159
27961351
12726573
293551
1136739
23395080
41899443
7763794
1275110
32803201
38308130
12516955
21880981
4412698
7134010
8465976
19778942
31623906
21923736
34593745
49674849
66944623
2241443
4855996
5856535
13367774
12203754
11949388
8678971
42081158
43023987
49403978
9314801
26508101
27975132
42760369
43950072
48552370
57995243
971160
22045694
16142172
22908162
31472798
44014897
25991578
29760694
49431273
50628466
5206440
18417978
10853913
11962647
16551450
53272951
71869680
76389257
76701309
87837696
2759284
3275603
22016999
30868642
23230202
73066248
2390470
51739925
10342267
11490182
12793817
13387747
37310371
53599159
54321411
69298267
73074065
9970435
-3406754
1280212
46040083
49924051
53925157
74214637
515942
4736510
10623203
21742657
35529591
10542626
13700731
19733510
25259860
36039075
6436151
11828191
22073462
27246313
30615145
38884454
56412573
7865483
7196143
14957751
62782710
70358967
5067126
12798247
8405038
19015365
44696503
1105004
10965066
14362812
29505167
13356583
49917419
56996060
73296048
73545258
76054665
855098
9374104
23090328
30337054
35305984
15101532
13364544
13903963
30573806
9521044
29325329
33789664
36816689
38230147
46581006
50745586
61077963
20973506
371528
37797359
39852450
45622476
45966325
66521144
70397225
79910196
91990146
55123491
58229342
59141692
68612519
70474694
73480291
87934677
92272660
100969520
102087932
26464330
285948
17801602
27628514
28929842
32855876
57663662
6146862
12250340
14830952
22865075
29818112
13099307
20538633
48048936
61769146
62698086
77106776
80083750
80357994
85680740
92889381
17672090
468624
32770245
47523216
52449563
22803955
28291478
39698107
52304150
55740563
58036298
21615439
196748
13803833
13252114
48232409
53110108
53459291
15044735
16103657
41627339
42025297
42454856
46294837
33306256
34163304
66728459
68986693
90551463
111000301
114820162
125931071
133886058
135281364
135785476
143811021
11115870
14780925
18286631
30610427
6796134
10449970
19094450
33334184
41305337
45365024
553853
7630798
39306308
39725297
36811932
44813472
75817425
78878020
79182941
92404130
110642305
115722544
736439
9308644
30723429
17283076
61843834
62777157
95537054
5181779
27169983
28585635
44535168
45101686
221769
31403726
35371716
42205295
12024006
43577037
44262442
14141053
17494394
17741984
20752639
814090
6868906
43229705
6678649
8805518
20461214
18645005
20508795
15242598
12799766
11916932
21147897
41365181
44380119
57508865
67620051
8387401
9612089
10877361
1503498
13096121
27605181
746913
4254236
15410941
14853054
2046756
10779485
10202856
19980955
21760396
36082241
40014518
23157710
41312767
42182947
9063679
12281815
337258
7179142
9435110
33698971
35041127
42240813
45745852
58273753
239153
27918757
46506638
52991805
53455262
57985577
60534478
68615416
69582472
1211993
9312570
27399368
26306051
37013553
37535988
543744
12187621
26481547
12089202
12446545
851253
12258871
38458611
41806583
49204202
76039864
82766598
87366312
96189300
97815337
102459483
102727479
35349827
38900454
60003102
61198979
72008334
78540545
86843403
3529557
3758155
6125884
18758750
23388236
48066745
50006038
50787492
56786935
58099187
59733573
70111775
72438162
73569011
79466988
54431311
62486673
66890651
76904497
81060106
82834925
93603390
94885136
97743950
106580599
9077358
62395965
74059850
76565626
76955700
85186745
85445667
89090986
637561
1130188
35773608
29580341
7165258
10414294
11074619
42990210
48795949
68753405
69812317
75524112
78398072
84657608
13266110
31366834
48598639
39307801
9635249
26696327
31308214
33656033
41863529
42135557
50728593
22388076
34104033
34512846
50039561
52780110
64904188
71127137
74201681
74383462
75269972
76674790
22665392
93629996
103324680
107728100
107999209
145051820
145537891
150125833
150405895
155007029
168995699
26672154
77470029
6384377
33076224
38902500
43420115
45441565
49752875
52644001
12345473
32279971
32573825
15075368
34351967
42017708
61505809
63861671
66022743
67519576
85073116
85550624
85743004
87835869
39529205
18153327
22599125
44012830
47088001
47937010
57779289
68739917
72072651
8761182
8001752
21964327
1956345
9441976
28684047
1591487
10231160
25363383
29120560
34110839
36600514
44650567
53841377
62840614
1032148
29649692
20069656
4864484
17750869
21459921
537405
5621015
18350511
21773143
14594550
30055090
31358050
58090789
66689108
99704641
110428778
13386336
14399155
8632828
8367432
12484620
46579241
51386532
55982147
386533
13127192
13501699
14482081
47455452
12594710
26729500
31091045
37455225
39311677
58412739
61042458
17671230
6183339
20971166
30568553
42485913
44439687
44892663
35010104
36860254
40539568
40778070
8909498
21197271
47496675
48753888
30933715
9220751
18301221
29409474
47881062
9254067
14820487
26372470
648113
10539763
3225505
15028799
17224339
33679803
11435352
43189725
47590654
49090331
183018
26250024
30890674
20002876
24195220
42425605
55065536
7372566
17538157
26787427
7836754
10284824
17343678
13647821
18377989
48235694
67682995
71150936
81259069
89441844
96030807
103805623
115096750
121386622
7864692
4586020
20638552
25768290
48329489
53941674
58302914
62914646
65794407
79510920
21055604
24670976
5517800
241895
7893398
22875025
29259224
11066927
22084538
6460110
11749564
10700328
328199
24801103
12634576
18554333
12516862
-477401
13881069
8682327
10770928
8960352
562674
21633286
50239974
62178927
71133724
71389367
82551111
92340016
93322411
10542172
53302456
57609628
7602493
8922878
21646690
23188703
38148482
1777389
885388
10853502
13986789
32530215
43788523
5943526
43090768
3119082
3151314
10323138
16275476
16897568
204516
36224664
48041495
48781549
47519974
58889545
67265093
19503114
26188088
34333706
38552497
44170464
9441915
11903103
31518193
4320245
8122147
36953262
38055430
42774750
45445027
48824482
59113355
80348216
21183914
11817907
23951383
30479778
11884434
29225939
40092652
47806402
218051
15301483
853333
9668610
22830534
898246
8176492
20517496
8282139
8613200
10929496
9897273
36742649
9148111
13814921
17218749
19132196
50311128
12481949
17852002
34994960
9918600
12399175
6124753
32551519
52678460
54868972
59596579
63262453
66738875
53807716
60992906
61242025
65430731
71836991
864505
14643263
25394722
32193368
44766176
29064903
35320622
59988688
78067133
79203892
83771348
89707997
95383484
96382738
22022673
12486453
46351148
19314215
29754575
30038477
8404687
13234569
26415025
28119327
24642507
41854583
14859126
1245176
32163485
51422648
54772517
5545460
7653854
10060764
16758169
19968345
24538605
453221
17851028
34386208
733094
20954387
7815624
8890485
28141623
28512009
35801737
36464674
37969620
698396
8744149
20202844
49418834
50930601
61754414
41064312
82689827
89975055
90227037
91854035
5926140
16245713
36628061
47573733
58213170
60536923
15377557
28640808
51367741
65701545
67400777
67947566
69722980
75635100
87900020
41225232
22809064
38647965
53605070
8193970
34218948
41314954
45921628
54913626
29559028
32261092
40493028
47987516
23774551
32199725
14844547
10228386
13657815
14716363
20180573
849675
10887931
21346758
10935572
7175390
37414985
18996754
21983540
33008468
39597400
49130772
1946806
6475619
9713700
6810631
43239598
55486557
55486557
60656105
69007785
71247465
80813159
9103256
12083112
34132816
59613262
62260083
73131755
76230082
80159169
83982140
95463682
101347334
108755944
109012794
33664539
91536952
5228210
8194089
16998513
18636993
19446252
26516080
31934257
40852480
44413903
21288444
29055286
41721197
46486294
60467640
13394965
17303688
17549361
19504392
24529110
37332168
960360
20565977
1194408
9985359
38247973
57469595
73246596
87676855
94955690
96777453
7084064
16131495
19571444
24204772
25030834
18758142
320588
8696147
8551022
20495602
30313749
8259117
651982
8169366
683403
13516707
14290275
16573821
24008829
31638107
37503350
20251029
35639868
37949003
42945205
48757583
55147866
64909049
17781240
18798306
8718599
9813348
11924015
12199252
6763324
10261826
26854905
15266384
27931630
33906610
35331313
36493162
7560146
12419570
29375833
18857530
764592
29547748
6535641
7090907
22633758
40242314
17236949
34325427
1592708
1841868
14857902
5020097
11476809
37933004
15147369
34364695
35697766
36386903
43336455
58672088
810612
12736412
23731610
7543552
23936973
45600080
52877873
55225853
5738694
13834209
14723344
32150233
625532
17661050
29661987
9694844
33705963
5268844
12562790
18004932
28082993
9931090
22745881
36193053
37681210
5602672
13917820
20166380
33223075
11070008
22964547
41945882
44035665
8915055
13604903
16261416
16958698
384020
12347700
64075483
66928970
72995960
73681115
82898734
92878301
93941022
94235861
21398204
13559441
38132174
49087808
55737933
62990025
73382923
73844108
80266904
82793198
87210364
18365141
31953328
60516718
11677454
12195084
18413527
36961514
38674171
42459893
4676089
15400674
239978
17455899
25609431
42702493
44472631
69561945
110889029
111224011
111593556
111830861
111830861
26936434
27223553
19070604
38520439
4039853
7254019
18209603
37538049
38669489
48122524
71848982
5779159
6033099
7658787
55071478
15055154
24415513
39578244
47598612
54112228
241795
5648068
16758092
30503868
39055865
49692691
53676128
60059278
6926289
25472185
25472185
30009410
59509644
9314496
164015
14757154
14571585
36238366
51179836
71451168
71902089
75330663
76018252
79848308
99963900
100326189
240590
38414991
1060008
5200670
26020812
26256856
32407185
278366
8308896
8655039
14936583
15861869
7836494
19532343
24020623
1038310
33242703
34078435
63249344
63870113
70313040
83395345
364908
655921
25712812
26978494
9468211
18471476
26276250
38496900
44983847
12599581
25030520
16881535
10690695
21157628
66661649
88814327
89103813
91435317
2252828
5787715
16137227
19483127
28817941
34492961
18217453
18675384
69714139
74502053
75964793
96045109
17369481
26128576
27159276
27897063
40051486
17098970
24461856
26835634
15987991
22476742
5171952
14404571
63957837
77265686
83210334
91368733
34992387
35524451
24651296
24926921
11501895
20275294
33273339
40232708
60099366
62688896
68589662
19384064
27318638
36452804
31347803
48497661
14299469
16853966
26727743
30365945
36291258
56650498
59868897
69965498
9443305
20242737
11947923
12824494
9088486
4554751
18429372
30374571
16073631
19920351
20802437
14230847
11889234
29608106
36824009
21583289
18903206
40804239
50485962
68473448
75623025
84055716
88141179
91349337
100690120
110543785
16988602
18136448
20070300
29471197
37834887
63954431
68084691
68970202
81366367
11459731
29600520
14672152
4744062
18272277
20501568
23278894
9069160
9792373
29252501
3487797
19487768
9117847
27359134
37964184
18568260
26216820
31013645
44680378
53563102
26715567
32334973
46931794
787724
23082177
16714007
22161205
13423909
13943982
1704662
6465968
11914063
37680947
44530555
46759956
3564804
7836565
48290310
53048922
65416656
65787925
72930174
80431837
86993585
99652649
6349631
16942497
19844533
31255404
45350673
60767602
63503257
70921206
13503163
16122824
16736521
17450484
28193392
32593466
36760966
11558141
23524237
32926335
36313376
38419715
13955764
68160669
83611814
86098640
4873598
8380862
13818796
14102422
26885623
27232409
39699711
23720748
10152935
25701514
13111298
27515915
32851091
9859733
14145046
12259496
25123481
59106758
63129531
70158415
22152148
24082893
26256050
75717408
76040333
76300632
79313411
79814748
83093992
22676524
32210411
32708878
63969503
24606073
24863142
36963187
56776306
58438107
656303
19790261
37895695
39071808
53129197
115316999
115499347
117434938
9958181
12094466
12378308
31847830
7895711
15300342
6442585
32146275
32870088
483277
24091835
24617398
8913475
19367404
21903175
22948704
35324711
38236038
44752418
15976706
22461053
25935736
233002
9283971
11259570
8357578
60767506
64912121
11418385
21987205
22263614
40891057
8022019
11631404
16088381
7127756
9898094
24791563
25151509
31928458
24991045
44027832
55910320
61706512
69460016
85973424
93570500
98490285
101771288
25221677
21025729
18237818
61730643
2008532
3243622
8718933
4351481
9199000
29004836
160730
17101634
8542680
15496688
21099748
21325639
34549737
39666708
53150187
61873781
73228202
78686262
80368566
36810941
56428615
57531934
14379319
19033201
38299704
38498295
39625056
1221722
4359562
8961988
24104720
54863007
64429496
9590816
15201947
12506381
766998
29597297
54468846
9486710
17905639
25361873
29634345
31671481
39066517
49180478
21832709
8695179
24114594
24767759
39486222
51616662
67902040
11084448
15599726
19947772
22449268
38371429
29838691
49948459
60517145
60870579
74614824
87300410
100643072
110800801
117697668
122483031
127183303
129544499
5269753
21795186
13148999
28410159
31938826
45730509
66525304
67011274
73156574
88073175
88397712
93816266
53832600
55254161
64934673
78275245
81189329
98397585
98698537
105242965
108376517
108946440
22272461
47192717
69539380
69878789
34125071
44149302
47010360
51572331
53043922
10063139
17859460
170339
392852
409368
4897383
12933614
35211816
39996698
45347226
59381025
9111267
12710622
16181731
337543
22325384
18974242
12627567
8616144
9078873
37720665
43833809
45741271
45962167
50034909
60897389
20231790
48859152
63089451
67641232
94202158
99831079
100103964
101605488
105245044
113112426
113347330
6686717
7786900
57558463
1276120
11226954
18066216
17190829
27081461
45411230
52829617
70457643
70781225
91557260
93517793
98492875
98700758
108814882
113298219
117896892
134235604
29800145
43153291
55825351
72997631
78674908
90164760
99308891
103136662
104486210
108153912
179677
18064727
66384338
74968205
79346621
97586432
123180268
126892609
130481086
137158903
137446194
138699945
51506145
24847689
48949848
49335715
54644553
59176176
13810146
14663393
20658904
34703153
44766509
14203748
39929451
7104069
28996261
29591439
44527032
50855268
5796264
10889620
17469637
40514202
43041162
1803081
6727134
18877123
42075542
46400169
58291361
11636993
12764643
24824652
14969323
167388
5088227
16029512
48105558
57172240
78182995
80963909
82287876
88372386
88603382
41041105
41369859
14752710
79866268
86667693
86928705
104812306
107889468
124322840
130338001
146102563
147702573
19339762
6557621
16672308
22020946
28585692
4339287
4712603
42000476
14402262
25523965
29346754
84479284
93037641
6034097
8236396
7630363
13883451
38067187
43524420
47740292
5308795
35766457
54857774
57700146
63388052
77794426
78034983
88809274
93481226
102785837
-190531
63270673
63754025
70595647
72802799
76118828
93245072
94254835
98193394
104116983
108193258
46471255
61690790
17797244
26815949
42148768
44338940
48968336
56644021
59727793
19623332
10960050
12926632
39077066
50779452
20969041
22891824
27477386
7198086
7714377
9367089
11055938
26383242
33587375
34207758
37559629
36861286
44397439
74775910
75373103
7994209
16317481
21808407
24619912
32153791
30429871
11750607
33616799
4738840
34390182
38686454
49469109
26182325
35226668
38314642
39843700
3072963
11652642
17739425
15756806
2363604
31489241
35954236
68754950
10968666
13392036
1964850
26345185
153868
157299
22784219
168850
8161796
17487950
2539291
3170141
28706855
38999426
53138565
56633259
87222889
101226546
102271580
102946411
108724936
109422199
48273866
62540225
13439572
38834963
46997738
11131126
12133848
20138702
21578468
9846079
11642733
25424512
18267120
37452371
76244754
78590648
83586875
83910323
99125622
105875725
106929550
108224769
111006904
24471455
62714396
75292265
83797134
84048408
111857251
112680279
116609581
117676938
119336210
14896951
269997
25770908
4458298
14172365
21354425
19209851
17073274
19241782
29602016
16743998
21125866
30207627
227576
8503618
14563162
33352312
39498008
46715365
85107388
102069922
112382257
113664736
1156366
2010684
3693383
9212683
16685527
14787826
22812868
21513458
26872345
1692082
11322414
26344896
27320446
39618312
44848048
46475484
58776055
25835814
12334507
20055319
6161689
28382566
48571405
49597985
1774423
6662251
25924674
37415362
38058022
52232734
831218
59832767
60104819
61621654
4434619
8457370
46180593
47274304
49062403
58837118
59511350
20741487
9198119
12957025
52097286
87158408
91676667
94428902
95022376
95522550
1078748
15616386
21392364
23103128
24597957
29424814
32793519
37221622
46131216
48085769
59141459
64842557
76281481
110463759
117203586
137890024
138236961
140577521
145920403
154100159
156790715
161830061
166334323
35988851
52225604
83910006
98184539
99395701
102542830
103093816
114543823
116860709
121140578
22167517
51686380
61433785
67858305
71233690
25637483
29102559
52667561
56395297
69997398
75876495
85831896
101136109
101815765
69208218
83747680
93254041
95896801
102422410
109941281
112452808
115690968
84797992
20301267
40771738
56047115
56340019
64570943
66405654
68686986
68954021
83162374
8166967
18322957
30753145
32421493
3655417
15877280
18530430
9771365
16113011
53910866
16404545
17948283
54831971
55762019
56055659
71381151
6473166
8655768
27887079
7634002
15270127
23538298
9358340
18596084
22739707
7423405
18458647
19893320
1988876
22575206
25075472
29028080
44389164
72090244
454534
4046678
9164691
10147071
24341983
25506516
26147641
12542206
33589848
34238879
48494518
72647464
73227939
89279470
300094
726465
15344654
19491846
28488393
22051823
73739370
96368497
100536131
14268254
15854522
23882362
35596233
36813521
47546149
49389687
17864199
43674806
45535720
45737933
99604693
101762391
102718821
109618980
114474271
115087222
20579816
27672148
18361507
37386626
43118761
46910812
7193838
9430684
8379173
11657802
15238250
8282526
10522051
25877221
32582002
69583564
84193692
88914473
89320586
99473862
102294378
7335929
7693117
7102477
40870098
52049005
5754254
9775982
33829197
11845468
17953646
21719182
14131265
22997584
38190945
47756490
12075393
24607925
13430198
36020728
40812947
46483788
6135452
31100881
45626437
267359
10071736
5752233
9299817
23307821
39863262
13195674
45106977
52998487
201813
8932588
12178609
12394504
12050016
7925002
11989370
183349
19071832
28670389
24056145
48243912
35810814
45341918
52468808
6510257
7831233
29822750
13897056
15489736
8363808
14045546
18418468
35229727
19118727
31885668
57322154
18921920
25383970
29313248
31362231
8174995
27121036
33003011
727041
75785421
77910131
79799481
80309097
92118692
96177572
103444207
105887980
110258594
112898150
99527643
112473165
124718323
136455503
144601166
148579459
152795695
157518368
162250694
163747170
25476494
89414647
99669782
14212960
29976610
46818652
49943162
54172598
55110925
59021400
10529958
29313830
27069179
20139141
1097034
13192147
17191214
22867530
44329747
47743189
48444236
64152601
458855
3667116
65063352
79093791
11763228
22119442
23388919
25655300
4841914
21290019
36770956
38343019
60081754
89083603
91648182
99892049
106544297
108183196
110745332
114959368
108226548
118693684
126116266
133351916
137424831
140614641
142573777
146910885
148366911
149535236
18940173
27148956
121903455
134321075
134584681
137076800
142856708
143402517
8721268
11944057
18785246
29481385
113960764
114545077
20581642
25382357
56790008
58383266
62051472
64601482
84632737
102284331
127890606
134311519
164326021
169637350
169993446
170794095
172868348
183780694
185637838
187167851
105325952
130046827
157271920
163812843
171244555
181474579
247786
1619965
7885013
8073282
18493911
57976713
60973033
64783035
70730412
82599931
90559705
111875349
114129270
115831122
116825708
122187274
7810791
22434606
35165156
44400016
54589399
75641542
75862901
17989744
8051969
25976496
32421245
39702414
52600501
57246492
64640319
66180921
11496798
29336603
33133575
46008817
57867597
59686006
61696910
76887517
79321256
8888035
23058767
5456028
15506810
22726254
33060222
35936049
50394258
65474027
232677
12950071
1730811
10580132
43338971
52545804
59920696
62589626
69804994
107079122
107398830
112760702
112904874
116574171
27306906
33464345
73258076
78804200
88840398
93048863
105740866
3298287
18029281
27026054
46015917
240903
49267190
58895917
87010989
98208765
106715694
116206770
127225130
257962
3925951
25390465
15188015
26063482
18092360
14973570
19676041
24348736
6599214
27296552
31025832
31238748
34368068
50127773
28862491
11054699
6610767
22700548
7337695
14444020
25793307
31678202
58467478
59802145
66249235
74547510
81723045
18801926
25025549
22418288
24188325
25991096
60517749
83547673
87056337
98058266
98287480
11680841
22558790
43052849
5356244
4906905
6176842
8463820
23389133
25359066
33910675
36570306
2974473
250260
23066684
32560006
5355139
35164509
53475513
61664492
63664668
66351458
74835218
14311056
24897207
32317906
7682597
31605184
39071354
50259087
54252503
57659459
66846751
76263536
166253
12659951
19135749
34229787
4818676
55205086
75096381
75328697
86140685
466680
2464013
23078756
26643227
42991603
9375585
17956399
16504155
31762265
47081144
58063314
63394858
9244557
18219160
36649092
44804250
50604115
19616657
57242615
74482025
77867744
83210698
86280438
102234932
7330048
11262579
17459087
13117971
1129507
1442157
29130659
34962790
44316700
51068051
66212072
70321588
70846376
24755590
5956559
7541067
67721827
74529425
78127920
85638138
93156691
96650805
99532827
112750565
115152420
119826851
48041422
5230722
17950385
22426309
24949545
31488997
2283774
26880015
622406
6530814
11234628
33931407
36127725
42455164
8799264
22148514
25936521
32305836
61740133
63173123
79712519
96996475
100561727
100787875
106236438
112176024
115042660
119685863
7079618
21697414
8614756
20704048
10527177
14414604
44674184
52124106
6917668
8793874
5198022
8279691
18681787
2243500
33777810
10881657
11889244
23957525
39162219
40281157
44170367
16783888
19542933
31987423
68827369
106530639
119327118
137169387
140040185
145633278
146199667
154339499
162049950
10350590
9587232
27017740
28078417
58170032
66867972
67112255
29508990
22412326
19772390
5962974
14400107
28569535
11413858
25992393
47442875
53203116
23141908
18112927
24402916
18034980
18398250
24526048
29149559
36172336
39484658
18541866
16730300
161717
33957685
9774364
7504473
9835498
18182112
9990593
13264139
21656519
23698172
484985
46478332
26944797
27312591
27805250
7464551
17335998
21278925
28360884
36783707
9332084
25362243
50140990
61914654
64302652
68487201
71567513
78140791
85503159
89994493
78176626
87072599
15602004
18604212
23357744
33148980
39667397
48769874
9536744
62046663
62418904
63050946
75232444
80381929
85666596
90934976
95878412
10064567
24231919
36556843
47541692
49017876
5932952
8411106
33284471
33601557
24466011
28565112
29278499
20220846
22046555
23316040
22944384
24785351
25484152
26235700
17898919
18801910
24544463
25308143
33655815
54013617
7664944
26186984
20155714
41239473
6722709
26913414
30317616
33475240
14182785
22927978
175933
800446
39371197
43291477
51086879
17585623
23492356
24442140
36183948
42863668
51757141
53211870
34164523
54076611
55698746
1661970
45640682
50142665
18233651
48247183
1922773
14941505
32539298
15039750
45524100
52098585
22916740
24395273
35080390
40811673
25531433
18451149
15074926
21478182
22383906
18197183
20661548
17310163
26239545
21555990
47748177
49471724
29523050
44042125
44728471
19486659
25040721
23616858
18652701
33974881
35608904
28926537
36490375
41948528
15011265
33076731
9063252
9930227
19866876
9770403
18325755
33901220
9977298
32478562
36565907
1199790
57657318
117560524
117906734
119200877
134552372
135762649
24114666
33864355
135182
18689522
44995864
54170883
5920789
8756667
28018760
33765724
8675620
26409854
13046838
18932939
47143847
58143907
2848491
16332937
187424
11496412
36210262
37230440
221975
20578790
175805
19092644
61104088
62716221
67598141
71594234
21165763
384586
12134082
32138902
35882126
37875724
42046729
50724284
17841029
47320282
53383729
74012361
74202372
84550236
87982012
19003212
41607951
62174518
77741974
78453469
79249692
20003985
8613581
28431551
13122305
18607041
25251727
6427735
9233392
28267225
20867140
231384
24060784
18510818
29974868
51172368
22863777
20340876
15799235
17608326
19486202
19550068
16801005
21242853
17277447
21444026
23897239
25617820
29264651
32107926
15443225
27517524
21308735
15756202
20422544
26225017
30493503
26999185
30621695
30889100
20495170
8847171
15511487
688100
39161706
28230488
21503361
14502726
22185238
20466008
24659203
18243762
25330412
25160402
27110634
20495085
17894085
23561775
26441107
15126978
23371896
6326455
24406826
28910997
31776214
32412122
37409680
44954661
46613013
48212263
19077767
28553781
11572233
22122164
28391831
32460478
17941352
12394575
8107661
11008315
38272052
7075920
14769343
28054689
26187730
17665241
29559819
11578957
19480591
14328142
31325361
14387380
31379078
21535147
16524422
23821326
39755116
14583623
26049728
25674600
19415512
20445315
25210442
24374198
7540461
19625156
8377070
16371000
24827059
18634216
37313431
39469689
25686627
27307393
31694523
34472296
36130442
33809699
41423017
27710782
32641988
17122182
18114109
5767844
18035059
27991699
32472801
8752463
17553174
9889835
10641149
25539441
27304133
21225604
46663784
49125671
71344065
74004706
17023662
25382824
9346485
35277567
39781582
20007983
23730870
26267651
17059946
17310023
20877746
16393806
16297483
26080188
16397533
27464036
20754787
29568285
16164927
19945194
21833203
21470165
26199599
15174063
22137775
20681740
21554319
17708652
16894122
22025021
28674767
20582036
25614102
19529553
41154164
43987944
22822418
27988723
22570261
17941661
23964507
17424836
31521334
40008795
28072284
21407497
28067851
19518556
16067210
17306744
16507087
20283968
23811052
21740116
15247597
15182052
18115033
15101254
24640206
22166873
14539923
18033781
17138747
18328160
27183056
21715640
16348995
9260367
19512938
42623863
19734130
6623767
23145764
17751253
24747223
15063173
15013700
27165581
18588316
25981677
16736603
19908379
23551487
24428837
20556276
18058438
22966396
23579287
15239214
19851418
34824610
19920466
17216815
23146657
17767425
24010065
24047159
27677322
24439525
20481966
20160641
20501033
25267014
17956090
25844340
24063491
27472902
27569873
16714305
22424982
24246438
19509873
16170449
850970
21409355
21278196
20084762
14158290
16058036
24562197
23563323
25156531
12380401
29613551
32398272
17403342
20068622
21247190
6839361
10765495
22811521
33250651
29609663
37753960
11233620
16607560
13728123
22764639
32843307
35611561
16873320
19686445
27193195
27491483
7038372
9790012
21737063
28472628
29181311
48551932
51246590
51741315
10506828
58594074
66074706
68033356
17880162
59107140
69902373
72911560
75362900
79287831
80858141
17009790
79007312
81465077
82791812
86137308
20507727
16548167
40039467
42078214
47033912
52624530
55253846
19428757
21782213
31773985
44637791
51107425
52568506
58152565
32962550
59800301
60042268
367856
8216226
34113637
34458972
21223191
1594434
28943064
37925277
45833516
54968925
59934011
64427121
10969782
28232842
29693413
37685786
39974275
19587957
38244850
67375344
68614472
73199199
75176163
83514808
59510837
65679041
67154136
84224219
86088140
88842549
90679992
42615488
50354239
59254834
72636143
12452808
15382465
25206361
26867883
32927589
44735831
66779529
69093350
70574461
75561813
66542972
89262285
94678804
95317312
96324956
101396789
108680285
21075901
244303
11283418
41950320
50225555
60718093
67593837
73439835
24190258
781239
17748862
28595709
39018136
9750274
18262208
12777777
10529961
13596364
11176607
12264097
34244665
13574527
16245325
25336325
27586529
38830547
18087223
18020116
56874768
57225741
63042181
63240615
70601710
25026932
19738169
25358144
39850560
41172546
42866189
57756558
24133787
13432816
35424654
4413321
7235844
34648088
11424148
20933957
6432232
12722092
27937289
12290175
16632230
23666492
39433439
11677648
35421641
48501139
48724589
49545812
7086503
20043316
6471528
27508584
38588430
48819983
53981332
54266609
60803134
18092550
43887541
10010783
18295276
39821046
45304818
49369931
49792808
10403342
165631
8071131
9336763
18906621
19150922
34553200
50938245
53061317
31775434
37996720
11605766
29604370
38728553
55613021
1712680
9997828
27878307
13458012
27298693
30058146
31459095
13401139
10686915
24297720
29100895
275426
34798406
810456
14943656
38080072
12142997
12469445
50422489
60321442
67602005
73003820
76608362
13867316
33039604
33446135
12958922
12538786
20007433
26220962
47288415
50617558
51983740
19407863
16513264
29152858
44424706
48516864
50866043
63745019
66319190
73377112
20394073
15573538
36633735
17000520
17489285
17770593
48182913
55515508
59456029
60237213
17729152
8247676
21209218
26333691
39611312
47408902
54383906
59826399
21763649
29633318
31332152
43120049
47306953
52795370
15437442
27731332
28986781
39590331
8119031
42544362
62779135
76491267
2001934
7784059
18969296
26137517
35118939
19328203
7185304
30560617
7166367
6467355
12477930
46081527
17427553
8838676
21188643
4686294
14863647
14780451
15729438
22454404
9850522
13265016
14631409
31762986
49504588
56380716
8975488
13821400
4347574
9739671
28364077
4241986
3772867
5406371
10694328
24171325
31274444
10066861
17186031
18585671
22270479
13840410
23021103
33365318
8151970
3756407
15669922
25473070
30556420
51071314
57391502
15935201
19471444
20833945
10249775
20529696
20390835
14212817
20162410
22562248
25785912
468360
695251
18384613
30193593
34420769
38127670
18260495
18970174
24527447
28391489
38456206
42601584
35790791
11578813
45584643
21511798
27866899
41731005
51354901
53180857
60463811
65280202
69029889
69252537
30602139
79751639
117766644
125867377
126737826
136713950
145227306
155032808
157404175
159767517
110790514
118583209
135178226
144415567
146636628
169787055
185093632
187188601
189151966
190885542
9334722
10144707
9642924
35732668
20347310
31887830
18720387
11299645
27107122
26977204
32173902
564603
7082176
19229108
24694111
8178598
9935139
29240219
5062067
9415964
10433191
5266256
38634210
59630547
67865382
492226
7663835
13138472
3045088
7473385
19768718
4298393
45763582
48294947
59637555
69621227
76355132
79464377
79690121
20478851
28710138
40883707
18072944
7577922
8033345
29472674
37339114
44799249
58885525
1486739
11085502
20947191
20359542
4542283
22197834
45176450
20837473
22320244
30708468
52928422
63730378
3020991
12713159
17405417
6352422
10822719
21691578
58860503
61469207
74040088
7755495
8006554
19497964
21645538
29563001
11569540
29862966
8341350
12976143
1275683
3539543
26924104
36869445
37205459
43141861
67222355
74872963
13861750
14890479
20271820
31148501
39372638
48524450
50437444
9861661
32588430
43178310
8157212
21459263
40789404
50916747
12179940
32268293
2932203
11056115
36045654
38808137
45184113
10140859
36480116
45307356
48600123
93102830
104212122
108641064
109722929
116457418
120214742
121025823
30736162
45106695
55991356
60392769
66889182
70963911
82527313
89140170
89342540
95168101
105210118
118634619
50370763
30906711
43200299
53385588
69511495
75792322
78712623
143069
1696773
18082088
23486211
27916849
31901351
37848424
54865613
70129128
76185547
77155283
83742304
86012158
87284997
810483
39876348
50011502
56692765
88483551
97128722
104962865
105226052
107414790
111987540
113803627
220020
901231
16473203
27448760
39432340
41903895
42100490
44683789
45011952
46888424
70217489
5447818
24189157
34334912
39332977
49588838
66483760
72257221
11202237
10212391
17197141
35764559
38379356
54112756
8132664
14561240
18647621
23915045
32975403
50088537
153100
11359619
20735948
5491656
10648539
22241089
27504970
4927805
8746649
6596245
27434807
33856942
4708124
7952148
28707515
23788019
31317786
34028954
44838631
9495260
47751395
49002373
49552338
90490522
99486559
109990857
122933635
123160016
142376279
142702915
152838337
154653001
155948783
39686082
63025793
68042767
89131598
113193369
118816815
120590660
197668
382133
6302012
15092689
20445760
15118444
13091451
9254938
7805241
22814417
149905
13467621
27982540
29210862
40743031
42150070
47729511
59664527
61121350
66319693
12772310
55648834
19817574
42339374
46707205
54972944
71418789
73066189
73510510
7950183
37915247
38199347
69457987
74714192
86897864
91427199
96439141
97118061
98628833
110089116
111341972
20042502
64856668
13159061
39127844
45187402
57189320
58460637
63444517
66653843
74676972
15413875
22622733
47537367
68898002
79756561
91690075
93039849
6288238
6794053
18348048
25843267
18220626
5797339
12623710
23893763
11336464
19537484
9253536
8498303
38150983
18896908
22088349
34136343
44404482
58328631
69236477
78162825
83029647
91361210
66472140
90926678
92784730
97723362
109286210
114054404
123479049
125878149
126139976
130600913
25471178
65073383
75592110
83295898
96858716
103554393
104535431
113129605
124761285
132431246
135608090
7482103
12791362
46425258
56354611
58062334
69803980
72961548
1775223
15938412
23559345
28811611
59168931
61091822
24000054
25723786
19765783
15501608
28825430
25654417
24338349
20968482
15902569
19140934
21294329
20819939
7709832
19119473
25331869
37445052
39015154
47030771
27503870
32017899
38071223
42004502
31283511
35876457
38768407
40123460
27137002
38510526
47747994
19931017
36189200
40164477
34037389
50363068
55496355
33493670
33826979
34048987
34297984
49939286
63121818
17900129
28783877
45293898
47448885
22229358
22095588
33958953
38854772
40713062
55929187
65756243
68538373
71888712
23489772
46066449
49265986
16868710
36236496
39851510
39910668
28127435
32177472
14847989
24327893
26839324
14194023
23019976
22070838
20585609
15934633
27533030
30263897
24873992
17450777
25990046
21452607
25424134
14859483
20414948
19618424
27579820
12799395
26324844
27986910
7589839
27708730
157848
23927967
18259965
5434618
20910438
24266872
40862705
47104313
56969880
17830856
8505435
17434537
12212009
18075175
36114367
9711602
39996588
45797747
46710590
25771258
37805396
34102119
39528079
45797252
53667436
15667682
21932809
6363008
25123536
35175549
47048365
33922381
55309624
75774086
76396857
84939806
90953793
9557527
36266873
14102011
16966622
27897599
39397054
40972928
24379266
41194222
5464730
18187619
23368304
47614732
52054027
18599860
24197750
28743699
46440269
46903234
33142364
48766298
51142472
57253670
11082761
39066756
46718503
7535233
32852685
45394005
58590582
61710130
65050419
68616520
10929839
33819594
55132788
62745471
69233910
80498471
82802840
83955355
7328452
22173084
7320428
14963345
48553996
61743485
72405436
73572932
37538769
53232502
55608486
14983102
14633550
11141412
12879887
25965552
38809974
52750835
54069202
26985770
16015041
10914775
995992
7222816
5061039
9733429
34726621
37618174
53208075
29088591
21021016
23544049
44106543
45508116
47180338
55707988
62947816
67418254
24638135
59677050
62177082
63234522
10102018
22266103
24489774
11315079
21830004
19764040
22327250
26672909
28541080
32038107
37206147
44332994
49074744
53807016
22855962
6959718
19108910
739124
13813112
22479244
28900050
8692017
12592740
29532134
40897078
44568676
6950594
12695448
18191260
118708
13768475
19635084
28022220
32554828
33318945
39720164
41186776
51017706
52970293
8254578
33563579
37041347
31868381
23048460
31928993
34038559
41945173
338443
13897234
28593779
24191333
25192078
13823795
41899754
43912305
84365396
87320887
88250438
92187585
15888889
13861576
19110442
27696291
38024277
50882414
10876932
14337927
18025188
20891353
22414464
36751911
40168096
46672189
737125
8231591
55369085
59313355
33400711
39017729
46182352
49486959
54218021
66835884
861148
9027703
29790101
26887775
22827631
44312823
54398618
15426188
23153293
28930809
37524068
44122800
176648
9436273
18475232
9891240
26421932
40934777
42692227
59419883
60986209
234391
10980826
23997271
40463712
40788567
21688754
9015804
24731673
29592528
11277034
15099716
20175215
27425471
736287
14577235
7796737
50207859
51386902
9030609
10407662
20862291
138027
272778
9557083
156436
13670385
25007483
40954686
50385884
70162566
75373110
81252598
102102153
102393065
102545752
15132699
21427758
11533139
27577255
6498375
7996770
38008394
40267806
45769419
52480898
980350
30594610
33066480
39892357
21033815
63396441
91448053
98952709
107149974
112119429
3927707
10755551
17159143
24291234
28705602
23451411
17510803
61917529
76391356
84626283
98690802
107924270
112659601
120805840
121192453
137010110
139569018
52187616
55892201
89762257
105702348
111650013
112639722
123851442
132435493
135660264
154663
22880080
21198393
20413407
27913139
45690974
45932116
55700232
71594456
73908029
89912410
92007272
93156888
15955063
32567409
12902551
45154270
46689036
757072
18647072
19972671
20438372
28082961
14944824
22593250
25358383
18871191
21837866
3483705
15013850
15390481
33235197
45812350
56926696
65038629
76167787
23887192
21796665
45239618
50447097
58874342
1314411
14347869
19386494
25212096
4665589
10137128
16024972
13027057
48802300
71070753
76301591
13810650
21424093
33306867
14705829
15059537
28414950
26519726
188417
27297773
31943616
33955867
19013076
690259
24481580
1170818
5378525
6806867
16759384
157768
21288835
25377190
25566063
39984859
11803590
11890951
17675155
3865183
7682501
12767759
9324554
18011062
30335230
37848740
180112
14746124
8488528
12206595
6222561
14718450
16696655
25516320
42598723
11475418
13370894
9715689
21274435
11877685
16045718
20661009
904729
69216136
74850858
83787467
88796349
92956837
11150453
15796071
30563690
6746438
8218024
55568972
61376809
65275014
4420181
30804714
34203855
46458786
59864975
63233942
12485362
18470401
22106290
54264636
60872324
71288801
88810547
110750569
112877776
118655234
123732975
127063680
128835986
35992825
47186532
70358249
8668974
35425154
3190869
11163001
1938391
6434070
15811764
14173677
19593445
9426102
21042635
38225731
72358245
79559933
84768775
89440915
89613850
15807028
6562274
7259686
33569379
35932193
21145751
19311027
49833480
9432941
27645842
18713009
9047775
9689219
17425391
9147390
14457404
14672512
17236516
518956
19874855
26023669
54902043
56831663
57024909
19854673
851903
1245159
55102255
77982456
22711611
27760976
30053964
8155429
7877324
11388325
16193905
5189692
23179378
9463277
10368462
13336548
20245886
37948337
6895472
8200264
7292897
12790863
13479727
9400036
3387982
10673256
11719493
5209622
5795122
11172362
16716537
50427943
140373
39072308
54551391
57566260
2397435
32807544
10446029
13442400
19638030
721762
24845055
30356632
10556770
22158137
39844120
4055592
26070503
32184642
46249373
51810596
54605102
59883790
61213756
14449599
27465465
13236980
48212023
62446653
81236912
87696913
93554300
2577883
6305816
15270581
26052408
16545926
53087779
59490991
71061006
76656218
81744683
114529149
118198710
121252046
121963102
128091609
23048738
37039482
11527684
9794363
31125458
24514303
6667011
7506865
13280779
24620912
27700463
12571190
26388232
29965892
817762
30694059
35554536
49029424
59908466
60639629
69087658
71531427
84817304
86777596
22625838
58769491
66877724
76021453
92897476
96335348
98617151
16220937
10964695
37727319
45062865
54448019
54638091
58111844
18013191
11086530
36028901
10575971
21472339
34738064
19717691
33384388
35063501
38810477
49057917
57642727
62806564
15151910
35946442
33802368
44213270
4755641
16143615
27876058
31937493
54090736
57448419
65656674
67987491
19621695
13532580
19364551
23827897
30558543
44522517
54083044
54304515
61441551
64609025
41527956
52199125
52454173
29606949
35017144
27050580
36021875
41851903
44591739
23726845
29929999
21589404
15596802
19786052
22723106
25260565
21076106
14674993
22212490
17811233
20369056
20514595
25368441
20805683
30236931
20556141
14951796
20054031
25599346
29618231
15064432
21620806
19795276
25729626
21860793
20960692
15344320
22448535
23711235
19868457
16781027
27288026
16295180
15194444
18452020
20531903
15331736
20298230
18175293
17729389
23400601
22806468
16550189
25238538
25947181
15346450
25186294
26632264
21147845
19819976
26359245
23341600
28106878
28059985
29545189
19963773
23785545
23491429
20027890
15716119
18200535
27710852
16959367
20084126
21461750
25537607
18223543
20956583
18989648
23583374
20731274
21465275
16623283
25765456
27085623
15891929
9793154
25965614
7607644
28248193
6850854
125743
19191055
350467
24862965
41103444
45794211
20337210
20386553
120261
14898973
39789413
55804515
723414
16830682
25869892
22314728
22268653
8529477
16752382
39047724
40005015
25191823
36072267
16981498
38964444
39784833
26847343
45084580
13200952
24991387
10122342
16349209
36856261
39586129
19864752
15829268
29306881
18908921
25555208
30491767
36615173
7063862
15906024
23154714
41226016
43567681
35291490
40408829
30685711
42003814
38243179
42063348
19545859
31093571
39431044
14518654
34221855
36832135
37449066
17520124
34628316
20518282
17428617
22621217
18660114
25750920
20787795
23669260
26855326
16933492
17445958
27854354
18220369
17004527
23747059
23980751
20422701
25230340
21264434
16404099
18308767
30662447
31356386
15734911
46685766
48713157
21508704
40651623
42385654
40240982
42803859
36269483
44529699
22024279
25002940
25723573
17873527
14572234
22247798
33613052
14425004
27037274
15068164
20234950
26065821
26266782
21300852
31128978
34484608
37740017
37223998
46533846
21805498
25604452
21418750
17995714
20433960
30496121
17784628
25855039
15268845
30554410
18108774
27280727
18322637
21794688
18543427
28321085
24043774
25413918
20608006
21685075
31591029
24585450
21066544
14861176
29535290
15768701
20101534
19800210
24345294
27303098
20388440
15450427
41077072
28090196
19586790
20075936
19359289
20346207
8974411
21401578
21798142
32358513
38819218
21448767
11754191
29981242
33637407
10266225
31533760
35342482
6383834
24956759
32027887
34069353
47502123
52623459
52857019
17917130
14775731
40431814
57039047
58964294
63722127
16455917
27690229
31568676
47225746
48325606
55712638
38914905
70100201
70356393
71622952
27954048
19222090
7515020
16063967
7454521
29245943
34134591
192332
11128821
33410017
54786822
63361336
20628528
19304357
1210195
12636646
13542752
26872870
38974459
21687750
22673461
33257094
34169569
61425253
24175860
25142168
24790542
9898447
7367917
27683765
46294550
47371527
7465958
18139890
18469504
9388565
19536183
13607734
16891345
26518839
34104107
41082521
17497231
24967029
30710200
42035102
53206312
55816457
66522171
68292193
70418206
10674901
40919028
183710
9047244
14033623
44606536
2585492
11769915
11120453
14622010
288219
24363602
28132760
23050649
15404182
24958293
32398910
41512889
9483534
11860462
20115647
38147540
14169683
19678470
35542287
53774726
58515753
66957425
68888621
21694570
31530047
66188301
3826681
8388765
27399675
32238834
39728564
14766482
52113014
58735085
62537035
69099209
70788131
74708944
25196490
18598911
61307699
61608911
61809033
63735399
68319175
70130980
21308711
22743488
42019860
51668840
52731388
55759812
58280971
60689188
33614420
51317272
17211773
18502201
27294424
37271194
16177384
26838260
8263719
4064206
46337053
59042899
60912859
64682702
74697881
87141639
92951484
106178907
112587661
77678891
86337007
91989478
103856682
108972411
111141119
117514017
119497458
122526773
12930985
23230608
32605596
55497750
64755282
65490526
68988681
78649062
80627823
16716247
26500039
36352153
6311984
7576437
34670639
50114102
56312906
57212400
20357583
22631401
5453167
13011742
28225515
41734006
47261658
48237142
28175880
49561418
65110784
81216495
85238089
86300769
89778482
24332165
39013392
64005431
89422324
96350099
103608129
106134960
1845241
5519803
26600831
33495246
57181837
63065246
65726630
105210376
4382416
11452308
19762652
11620931
31593782
10487241
15778514
15519057
26741880
32965363
12241547
13800952
24391695
39028170
13551496
31092893
37447978
12044505
7494244
14887028
19429692
23711238
49762108
16326810
17087657
18054421
33749330
7656804
214113
11900459
15263430
39990043
50311838
53560091
66781125
72865569
74310366
290890
22162288
55422105
23445946
50344785
6671274
8498748
13062444
13244355
28120000
37229929
62547306
85435015
86662207
144401
8045542
8234296
17098600
25447361
36341944
494593
64656821
66081236
66352100
79961696
82043871
90127108
95636199
96097525
103606774
26319865
75378530
80696614
81015116
93458668
97272086
99938667
15287063
24863939
6768825
40872971
51836796
58231278
8590494
23992982
35550171
38416611
39010269
51931861
8267584
617900
10734378
1311319
10412651
14323738
33336309
34140542
44910634
51229332
60911864
1383361
17162539
17533348
10897673
48400403
65272485
72272006
12364983
5074175
16599974
30588160
9187016
30673313
157288
1868922
2097018
21491940
25378376
38832448
44925167
185468
19927600
16921017
12371681
8766213
17709383
21415647
56919922
73702427
86693342
88151692
94482104
97204097
4289209
28760167
34540539
9397317
15395968
17425118
44747556
1921474
8217638
129736
6467092
23838041
7509944
23934419
11585960
7094137
10951257
8093180
16719964
31458359
36294145
36535690
34189012
40429238
43336753
4940179
37421915
66436989
76820258
78297535
86796765
87567910
94302186
110240559
119865288
122972345
69345530
670346
3488388
26439349
28843064
35228079
599398
9727736
32127216
37064486
17816462
64046182
78975299
79959736
84510852
91011927
93363949
99239773
99409558
43867649
79599232
80822520
82338560
82562031
88454463
99706750
18647095
50554073
65293407
67129122
69017918
74546772
52380180
60043882
63136493
63429014
50358574
58715861
65432072
19632883
22178524
15968598
16037199
19675022
27724952
33252106
36655285
50334994
54548314
59917643
63568015
51936504
53363029
57234291
60170420
36970054
38011588
31800153
34954013
44331016
6348740
58684540
69086469
76286066
82924034
128153
21443554
61080903
62158473
67988214
80204930
80407861
20423776
