21451699
23849850
20309915
32117899
14917638
27859382
3230512
18925563
21755646
122626
18798430
28673620
21071159
5771103
8152301
8452674
332787
11978853
1120865
329882
1112844
11954473
12397045
6781811
23006377
36086538
13970489
17150342
4789602
1363304
9054103
454045
8748667
9093342
19973392
6721453
18353507
22419995
28650919
29616732
8904083
13051860
23924871
22168514
25741906
46363618
12035002
19117140
23411075
40199720
43581438
9997001
19801318
20027452
20206002
22816593
23005654
34699549
38001508
56857252
59229821
59419267
115431488
117320754
122443329
122593334
126607268
139164466
143821076
152975125
155863860
156023436
92099167
130645187
132644360
137643993
144973207
160872574
162238245
163484079
169557123
172174448
23913340
23437020
17921676
25104320
31622090
33597592
6350055
47011569
50867204
13960313
34061900
35371058
16459604
15748940
22330342
56017760
58483622
68115421
85123026
1858799
3218501
39956157
44406519
34800713
11540972
21238787
6816293
33896849
45555285
46377392
23127002
5545187
60249996
528585
7323374
20573731
37602358
51188293
3661021
114728
8491676
11093874
36371613
6068461
8072171
15659201
17380299
30057654
45459771
47621563
28981689
38890442
45779700
55683168
80141807
83503279
86336705
89299418
18705707
71857827
99712537
31844630
37683610
39101010
47615628
49177429
14241597
4629110
24595997
37387752
51309015
66353734
73167481
82260005
100643254
103144576
103439934
109945078
9113786
41503487
60092441
80210529
85665584
93234214
94845996
15988353
42670353
8146347
13785749
13016355
36950824
49149820
20025222
8340366
11685696
23331998
137297
8753215
32505879
11749584
41223556
63093853
66132242
67795821
30221630
10372737
8286538
10198162
23507883
25498369
24943568
37273353
37568885
38751998
14119694
15035089
42517901
69237122
92943512
95225999
96102005
26505996
16322239
26262528
60298306
70297598
73670722
15912672
38738153
59349396
59591258
64448402
23530444
43529451
5855825
22501646
48420317
52305317
20270934
8846284
41224988
41989414
53966834
21939833
20676611
26834702
32958943
21148914
15942332
34428819
47418971
54928946
37975866
46817886
49651535
28377348
54352141
55745396
29171293
33078714
22550128
32588447
37891377
46985766
47962123
52759019
30638675
38117299
43387304
27100847
9174587
20155325
20753318
17690766
47155283
52483358
25193063
32780195
40279845
47938472
28834874
29313186
28397726
35901711
36200152
57004155
20051022
22374599
15291834
26286644
17032760
28111914
27630514
38076151
24401902
37432630
28766281
26974408
22606962
20095950
26255457
28266819
14597861
20824482
24757191
20138149
51197469
58845544
28281841
36051803
48764901
49070327
41416893
45824594
43176233
49512114
30725451
31036925
34578167
45507732
47594406
27628378
54700496
13936675
32131814
42607070
17803944
720952
37952402
38940514
21874030
29899072
32984032
25520510
50910133
8101433
23930484
23242338
28419636
29935003
60747988
62474404
27152852
37652488
40438830
26317217
42313498
45222813
20381217
22775305
21356718
8437368
20530591
28548143
21874553
34843193
22905844
9758391
28634450
34442536
27065355
9619033
6897982
9196917
18805089
25195679
38190838
48280877
54829354
28763263
19547575
44648904
62370447
62624776
15057204
21777827
23461911
35172780
13612832
12143083
33247590
39378139
40299781
27442572
7470382
24408220
31459452
33631946
34416267
15069670
35055819
49313117
52280351
57397264
27451711
17829639
13238674
25624123
29831560
32239992
21240832
22467012
7576812
14891518
17279235
23185771
14543053
22775085
26325764
34135607
11745640
59342778
65064281
68024254
21189112
22843813
53015022
55928410
26811758
19687818
11280713
12723073
35679859
110192
42339331
44988930
12016086
18676898
23346392
19805893
1312724
14897921
20683120
32956523
33156793
9120751
10376999
25295984
30630811
41874688
8036832
16202177
25835922
52649236
55458047
75985177
13029177
26028681
8745476
6025870
7946453
3165003
29550519
29795239
37200515
10490322
12956402
32372718
36277846
66590390
94054804
108523615
124287731
125553544
125745256
127720663
128077435
24963600
30476604
2642796
34383048
12253495
13277827
15431263
5854713
37321528
7516958
22546788
20046660
15676156
20005574
692126
12627465
20559549
37612562
44287677
17773030
43920590
45686447
47828622
65574269
68248932
69489517
25330497
20733883
24615313
38060790
42072117
49041014
51960613
70083530
70594551
42637812
26572386
30141437
50144597
51102809
64450061
65543057
297971
26908038
11353451
27028592
9659809
16247579
26168953
58434193
60052545
67628232
27004508
28350681
6669074
14439025
25112732
30593581
35930889
45478462
6268623
16372725
33912506
12383604
49327911
55102732
57132212
60720942
707950
28476817
19800836
20824069
18568135
40832516
8311408
20124758
22620358
8627229
28780397
45664274
48053102
18761270
28354725
13156583
10189202
34053699
39273631
41437671
41631159
12846916
45975885
57222771
57977583
35900914
61308218
66640151
70887939
23520289
41083377
46097402
47053186
23662772
34683858
6771678
17961563
28103618
9193054
25462960
39391521
43872423
5155847
18369625
53749913
61472245
62929331
34048256
34918036
35987142
38783352
43213500
60680527
65941530
28645592
51821133
57886228
61951021
15387966
27754179
35323828
13159843
24207642
23022033
32358369
11053250
19239769
21374354
35825796
15924498
29053583
16865723
19629089
6195955
31382402
32490742
37054560
43408660
54948277
61086468
69265139
39117659
48687896
4586934
36248607
37452553
35100637
35620623
39250990
82587583
83020051
83415183
39374576
30927182
31418967
76530026
96212721
96444168
97758372
32176179
36202166
44599808
28666402
66161379
6917484
12332944
13053452
18129200
27610204
29561439
16750716
11633930
34997417
44035987
58554713
13252121
14031959
22702817
25884840
32462395
31072367
55166922
66080881
72765162
11174001
12234180
14927625
23096310
8221479
26682125
43638588
72290045
89764541
90507007
95417933
96472712
23350383
35530301
49028937
4334317
39647257
43355811
17054309
20144262
42790515
20249529
43258074
10070968
20592802
20536685
4560214
24785911
37981892
4583854
20190377
24962743
38079851
39899169
50427244
53867881
70064882
95110532
99184579
99184579
6748037
22613045
26689174
51427609
56222325
59452785
66579190
11828852
23437366
19339025
39743052
39947312
58421323
58849439
6894523
10315636
46254150
49631031
52304912
66215648
28327507
160277
16043122
9265751
17784601
26368976
296645
9392873
5429608
64323941
75925945
13301034
15773846
16493357
27434716
30573155
35333206
24851780
33954035
60275196
10734844
10403898
23790992
19552454
10489753
15548054
131650
19224516
24509548
10783544
22996280
31418672
37001124
8905005
23578467
15715815
55120324
240785
14151127
12977045
20453045
8341969
11123657
10022217
40378955
43589829
14780510
23466654
58211095
58899761
6557993
11388871
18709076
24241672
33066878
24252969
9916754
38849231
55663492
55850166
56166527
61422244
8236309
15658998
34136141
45776885
47530727
48853277
59869321
62252974
17913700
662856
34934092
42790588
49937953
58598171
64578492
66837333
33026289
371426
44123864
44629724
56184163
58188520
756779
21148916
6933346
16666659
27270694
48089898
10383719
19956158
21948631
8246522
11978414
28210272
10695704
18940436
15643775
7922922
29473837
10195025
6441559
12508750
26645190
10215096
11257665
15814657
26690529
36932459
11138388
10981961
24556891
1305127
6687388
46044313
46589452
675305
5068998
17992833
256397
-3049615
20017739
4224767
36395748
40091399
57957194
58742972
68948110
6150253
8087716
23822630
16140151
38935627
40196491
44597247
342443
14070259
15046392
16261086
33761882
47846922
53631010
8630937
9157461
20095335
22749373
9649156
14949956
15345481
24172512
53393517
65559852
65745450
67791209
52354508
112959189
115075445
117113830
119971084
124380700
10594615
39444161
39607003
48600736
29562169
53658612
77854036
97540570
107300222
108904306
111335053
1154967
23246210
36190599
39193208
21446725
31543016
36948149
64021623
71224807
4673729
15202308
19050082
10764418
9257193
26569212
25600232
30399332
9531721
26435184
26899385
4513595
21419898
32082551
40981107
7618586
31716679
32251845
17468024
22490981
36493137
40165770
41568662
19065159
23592145
29976012
40641254
12326355
21139338
56455469
18837740
30132674
6746835
14587523
20953250
22828459
2850627
37380559
12943615
13518380
23490199
31362026
48502347
48798919
14700257
28224863
35904300
10840282
2893064
30522695
68078596
12949701
18712703
30430359
30658051
32258048
38199657
245475
10498119
45013324
2664957
37326723
56693068
77433847
84178225
84474734
89764273
92137832
96044881
96337646
44145223
50186375
6637723
9684504
19984989
42786399
47479775
51971332
20700656
13472708
30623785
62827314
4418961
13759548
14027693
25193068
28134652
42964757
48615801
59425917
97551614
12440158
19623511
30930133
31183382
55385043
71844448
75667929
76001690
85118311
54312554
58864981
71552865
72987172
111937846
118302350
130576060
132984788
133169112
10891047
38200541
5474316
36160216
49501067
70150004
70380763
77691468
78290137
84921679
92677396
95366286
96239624
36726966
18793581
33606449
39520765
5699332
9778973
23470556
24483551
48293323
54429903
54892374
48992778
72673377
84058311
116868519
121636059
124808819
128380687
4600694
7700881
19942782
16415215
27451897
31701210
36269509
39069517
54188554
68168303
68717392
73958894
77762479
87454236
24230341
46090401
63108407
68234639
83977025
84190638
87410082
87603034
89160963
92621527
20409715
14155673
37128314
37749908
87686373
89124013
98877642
104366624
109357311
111592078
114481311
117296809
22671610
17267763
38955605
39463756
60990354
68655334
79223716
81067930
82634116
83225652
89840012
16433072
27300794
23023924
18513876
21851578
52351749
56747505
63217966
69286987
29376013
9955116
18878540
22683821
20806546
25907256
20578621
243870
30754951
17436282
18753197
20430604
38578816
39279221
12558586
19486976
20570885
38577533
41395843
16805023
27801326
33816895
42643135
20905100
44314836
55315795
63084110
81489655
81489655
82716424
86302018
107532478
15176738
10754779
8365336
32748944
50368168
56710504
79604320
3178354
6360107
15327925
16761841
25652072
14811836
660416
29182231
42298502
599099
12832721
23097893
33012921
37296827
45306861
54764764
39917488
67867772
128186173
130734050
134036857
4271987
8036483
8669885
15599401
19288848
33905455
38755663
8050394
51919905
67498613
70937675
78634069
98290732
100883775
6005386
12851977
19810705
27401325
6930976
820097
15261869
38220951
50854657
71742246
2106273
5098582
11857016
32288370
25955026
22500600
25493230
29852141
30479034
37749279
39951021
625470
28682604
48025506
12489630
24240314
61651617
6555628
190303
12250666
66179962
78904292
106484683
110807258
118875310
133705130
136166755
141869668
146052895
146408592
28576494
34292348
30709443
55852339
85048704
96917833
104644501
104827864
26015115
28254849
792768
5957330
7973730
23178982
46909846
50232876
14516672
24604514
278377
8148284
24521337
28414232
8580165
158695
28516785
36983321
39100471
50102931
59621624
61419577
26800870
59249770
70500006
74492836
82519750
88710925
92468221
100307481
102938074
104153358
22802916
115882295
128638929
133567485
139878591
145475688
154314958
155046495
156356194
157855793
165898693
50994390
79863853
84568684
96766975
112581191
115516854
117222073
121678161
122653211
124335015
59605741
83681152
101246428
121534063
139498425
24805120
39510614
283726
7052267
13893611
8974116
5158777
14393218
7283111
7603430
32461529
37888004
64731502
67523583
67775629
78420859
10365077
31210524
69437117
74426287
77412512
84889692
103750754
106433616
18576551
42193641
45639091
8731354
20454781
19552293
22451756
52860849
59868460
78574348
83707774
92712921
96038899
97938037
98095998
19964172
32501125
66606716
85461245
12030485
15700137
16385157
20877936
38514403
47982606
59982603
71395806
75786261
43326262
63850745
78346740
81014850
98017382
101345167
103785090
110583827
115530387
117762355
15319645
43374066
75307723
87633205
91789348
122030778
129479779
141330005
143347474
143580616
152461566
15135438
31669845
10008824
29213225
129056
7250024
27371326
8731077
36317980
7525229
7345981
21007980
14132802
1996792
6887886
19064161
23887903
11311950
23407184
47400106
222935
16078740
18332543
17134178
15586158
10077380
19782751
5933696
19817717
39743930
9364675
16615492
5424919
16618457
6208440
20826946
22648787
38679935
8329960
3515482
21642372
26686544
47336152
65879330
77335002
80915932
97195684
102878697
21259884
10937700
22726855
8373758
20330910
21426965
34869038
38462487
18448310
27796388
729699
23021646
33323493
15503029
27454067
35117871
51192147
54588531
58744305
68277234
70366325
82161883
88203341
82936439
96049163
135303367
139300643
146428559
148481028
154073467
10207075
12057201
2310782
30482244
14798973
19083831
40613386
65103016
75904369
80938447
85026974
88131079
91775110
11934770
20756002
16716692
11368787
33604651
10122323
15286441
2396565
10412184
6693641
15644276
4872455
23186082
28119621
35431374
49956119
5262380
7911997
10838708
13403412
28478397
41099631
58736239
63281945
67765389
83656744
115325408
118142213
121998508
126454211
127667246
127916726
13512751
25143282
25344113
803087
8844740
11633535
12551976
23604642
24389618
13599844
9345695
70081030
71124538
76488849
86060021
5421951
16694675
24350508
33024556
45807631
76452305
81873579
95831192
107598171
111938922
135807386
139260177
143460257
144409822
146403669
43163343
62284051
71806160
74318181
86962374
94418306
111309335
120177878
7478768
9349695
10532494
29622502
631840
15997324
17391220
12402588
30132342
35063126
59220204
64587961
17391045
25898183
27308262
792038
1676430
3923414
13023797
46629529
50990282
53992811
85625074
13672318
22759296
30519255
6200703
14071549
8616543
10501419
4845866
162411
14070621
14446555
15059191
46141145
72523205
72695869
80868473
86755551
30657884
7660943
22531177
22714688
34330132
18777954
19921431
53656336
851491
439392
7533172
7734588
30488480
47052023
60157751
65795707
67249887
78672746
79466129
84331839
6733144
252109
6911651
13315720
20805224
33339652
21367779
47752675
49495145
1966918
6181536
14380103
22408702
12350588
14293651
25376779
20344155
1410651
15917238
35124867
21338938
21592506
8799374
9695900
21171668
21962814
55685862
61666705
778871
62986974
73130430
82625383
101513573
106548962
110778656
113828761
120797375
125494270
129238258
40392013
13244525
12219242
18714960
24492442
24753534
24981334
26700926
34071996
44744665
7946812
26665750
40567144
11845417
28299595
56075871
69289515
74113766
87913059
97049350
101511318
104175699
104992009
111856405
20562019
14669231
20269670
30400368
35432610
39399275
44932734
71981649
92603290
94484777
10583041
24490053
82615879
95466777
98921017
111224547
123496051
126140561
129970178
131318357
136206493
136500996
64071223
116425994
122472088
139239784
141400295
142318648
10192923
15792825
27181084
36280122
37004486
39279928
9429954
17605877
11808246
12072969
7962956
9579000
36016428
722213
11314373
22268553
142524
9751609
30789676
14209414
34291044
9398476
10964939
18849629
20508157
9906424
30609293
35060535
39347244
50499648
66830686
445809
6634992
26507069
52136627
113919
10187353
870235
32565291
125545
13533245
32052229
35712098
59910430
294360
16882975
14971407
30706277
33922767
35216121
1449252
9157198
13509248
15988536
27674236
59000339
293422
13439324
41284795
69092219
83700588
85841076
86906242
91223752
94430341
1538209
19031458
57549161
60639942
68597426
71563966
85046647
92849837
96409691
109411320
104427022
105341320
119846880
124351650
124988368
134372619
135350944
146393110
69101684
110964525
112336192
117306363
136724470
137661672
138432304
139939604
27479780
20272692
23143409
41659743
50781617
55675872
11752831
17561541
34178279
20328001
24904995
11552496
9481538
34770874
13694257
22264356
51832936
55078077
56941504
22240318
25493469
22365340
18518275
24954251
37875790
38117865
41644711
50255247
5282297
35516565
12124121
13493329
15106803
7193661
18320697
21224875
28217608
53478773
56004401
61018341
21984588
36380180
39624631
43533380
50936852
55960125
60320510
64162906
55800595
80869309
93067223
96863104
97178826
20282278
30743662
50003020
914152
8354828
27557360
8747776
27075834
23176815
6878669
16401552
43853716
48581198
329068
24743194
26030482
39716857
41397507
26797327
22660744
30233319
46602686
47275257
38109573
43390684
73835746
80146931
25258652
20673328
12332954
24119200
31433504
26099974
26965718
46052600
32048949
44057936
44358745
32908036
41015508
21155494
53422619
70790739
77729614
15261106
32491678
37293413
36058062
39151124
35541545
42848449
27420885
16755221
17993682
16436678
25088061
16065471
19716877
21323523
10741191
23046410
30370054
36650300
49250706
54194842
31036417
37583671
42329570
21704284
9511660
15006100
28900904
33506667
51020208
10033137
8441068
36704335
9005504
11581567
12583625
715977
20848941
23521690
48449397
12064970
23332403
31205678
39174921
5374047
28202065
15960618
9217312
15948441
21877146
45471417
54092944
24864609
42025146
45614119
66367730
67560216
67708475
128541
31017892
58536368
63300809
21913176
30254774
30866060
26842758
33324798
26102163
60685619
63243703
64566431
23547972
17646164
21799595
25123507
37760253
3354207
14197757
32386773
42505347
31169623
81261324
101902954
109468624
12643085
17061216
27312321
28203370
43813007
7397504
22710426
46346127
101990382
103238372
110363597
115026697
116985930
118903043
123699129
2724186
27680696
69593865
4167117
32835773
39260901
42124323
46127924
24657519
26515346
9524706
12261437
24780803
13979597
10907086
21522264
32042195
7200756
21467958
32226183
7202916
21052351
8377164
8023117
12459868
18652400
8980530
20626437
51942170
52712662
53595599
57548686
69164854
27251111
57058992
66016018
68740570
90093730
100842780
8274758
17311098
22628314
800404
18608814
25337465
36687329
39108982
50304567
52090113
65879309
71265707
79135467
45075326
49914384
71057206
94344894
99550417
101156051
101636403
105674775
108841937
155960
65463216
31685369
61113718
71686851
3321234
11965962
31444748
36656615
6215512
7598606
43245066
63415597
9498579
13098111
13292013
19997127
34218814
46842779
54971249
57257920
13940877
23678192
8864560
7965913
978090
11290886
48230046
19823798
6601462
8443452
12152758
25032921
30795570
22035067
8333684
9758553
26367794
77963023
81056837
91231265
92305183
94202563
215059
18809604
28364017
31814158
34559684
42532751
58214989
61314415
105677260
110376269
111170624
547521
4841581
57588179
62889615
65604047
102981724
113383814
115971178
123655592
129831666
138422831
138862549
35972472
8432470
33026432
5279484
50034396
54050917
54382198
7976712
19187850
749081
9687053
45929123
526162
27900041
33125089
80765675
99658480
99911487
110399393
111200183
13411976
35467389
36217220
36693567
16431625
21401639
11988674
34850384
7079280
11003712
24705144
36695818
62815551
65873843
10409691
22578547
35429941
18876846
8144342
8637381
22949793
22949793
30728695
41613980
48569854
59309851
69269199
1182037
4114363
28641288
43702694
32201508
37001562
39000778
47711638
53559655
54963508
67297604
69078089
72549809
29650324
111536197
113458175
125465155
128523853
131041959
131232726
134742949
141356959
145885800
148034448
6124763
31384231
39621957
59825051
68866467
70896027
81165264
85485658
2032701
18145378
10610250
51897890
55633600
81535203
88938010
91691938
95819428
99842253
112928130
115856461
126316437
16964513
60930447
6420865
24014526
15408745
15857632
6428681
10285397
10881895
15352033
14645411
16249284
44850503
64488351
73689375
2845566
11107659
18465591
25283847
9862482
25121902
1561512
37825859
19149669
34533335
28856933
32907128
13577018
20448328
34165611
38168616
10233940
16637382
20269674
17761821
40514009
52687802
59461762
35821849
44575449
47861676
49381034
7956603
264122
28839929
2720263
12926544
4857745
18741167
23398044
78480415
4120275
8989188
18352446
41812462
48953365
50812034
8175310
26244839
4709510
24716752
25996292
40303248
21433435
28157473
9751149
144619
2365646
14632879
14857993
7604371
32095883
45694798
57192479
57770119
62571400
9868136
5218926
36881683
68008020
77945784
6950469
26225743
13145280
14687659
27232638
644914
13520013
10082258
13262145
81243501
1355678
10855996
11178336
50998871
57563943
640890
4705428
27684240
31491244
9180208
21301878
42807914
55894177
60458101
62732842
74472256
85071376
86697181
87618429
4931966
17688962
71558619
77735520
89207827
92372261
3676931
5009190
18898020
22716710
33293936
39732869
35804943
4850171
52204672
52483943
80887805
8966708
18049455
23675759
34397151
40829870
15610678
8156029
687110
23053397
24921140
29958661
46083927
50340571
56844477
63961965
68542160
34716541
54083933
66684748
6511227
7748330
10079724
5535167
8659226
9707792
50364837
52525550
12218016
5736432
9419305
29456412
18449904
35983107
10951375
4184708
10628036
40923257
42536172
26738306
26914865
29579860
35742105
79659509
80381214
91302239
107756390
108418724
109377549
120549482
121781006
121912905
122102272
37827601
46821042
28995359
39507091
46236200
65083519
68065909
77980409
81533993
97686111
103626330
107723914
105869459
146717588
148891230
153901750
154209302
159807853
161420012
164024512
165145366
166290177
26408870
54083280
91342666
97372334
104377377
119340477
123667336
125176635
131083264
132322599
135084228
40809683
25527149
26245459
27129174
29448742
49128354
50028277
57313782
60774267
17593509
31056408
12663416
29834220
33108714
37950825
40494119
42845799
13181011
13419719
15848999
30842688
24146633
77719381
78050615
86679035
107845328
109244206
110740994
111838087
122513231
124103253
125925534
64599468
72486348
113252608
143302485
3628912
3966416
8276367
12863459
22152217
21677910
659887
10453657
42222231
52271717
55835468
58911227
22270278
30092654
31682695
37915453
7096155
39105813
7954386
24255758
13249194
21036261
494216
14639736
14920069
17245019
40234995
7515296
565448
22442699
10751605
16447171
62700226
14439676
21037484
1958156
3478772
26520022
31212157
34089920
9224159
14088206
57480271
28002880
32933553
35228689
38711535
29567080
37548486
11297614
14860717
23256913
30560512
9388630
44962906
52702196
54599734
73204434
16189464
18258566
21753862
30443441
35110925
27393083
34594015
11616049
59179209
8699206
12221144
15294642
18215876
18620031
32138555
18225637
23461790
26065015
32962636
41115593
58671598
24006998
35160033
39746298
48597606
54960829
219341
12966866
8248317
6165328
7617169
31998570
41237483
45246949
46600544
51488338
65472853
76982769
94043303
94874779
95791680
8354433
16737988
28857316
29842014
43767491
75441650
80647557
89728932
7313129
8210544
5019199
13436315
20883654
34078496
40352009
55350791
78978389
79880558
83870480
87540800
12514546
10959122
56171169
70924897
71978048
7598498
11528423
13484709
16782301
21953383
39685760
4793686
48309597
50885565
56931144
69603302
76834793
90441912
97788185
104277741
110100103
112678227
58162329
81272276
90509698
94558586
100591213
114843939
121266283
132414332
7944869
14907396
7183400
27307421
52978327
56188682
6829309
12371996
36655633
39052995
41519487
45503335
62622941
24605892
35676591
82239911
86013478
88168638
110017156
119434122
133203842
137639258
144851579
145965916
149673321
405342
15322479
16263252
21191360
26681642
29392790
65758397
81858667
84298533
85618754
88457197
54256922
81354980
99212847
102818019
113159272
113286182
118562208
122688549
123055795
124487355
19202537
75490570
97141796
105678704
109562602
113727719
116841598
119496338
120984021
121130849
122601700
7049967
36490205
305124
11584605
14214405
28435051
31152854
3987578
27991442
43748330
49993713
9060389
10543941
15763174
28857108
46572280
67636110
68253142
96144705
5714476
6061684
10641145
11925281
11256664
14318172
24231129
42140218
49024875
79406344
100833034
11422744
939776
22778602
22985744
39496097
42308201
44995225
55259362
62754057
