480334906
481950046
483560091
487662845
488654055
489743096
490494218
491210502
491210502
494618053
144503806
162130437
172477075
177302219
178142375
183869700
185306427
190500096
191228031
192992461
11954839
64589012
103494152
113923492
118103932
118958562
120870864
122700614
21955863
1030046
25548032
52802709
6197992
8488661
18175840
19064072
24750372
28397647
14783720
28306162
35933562
65913416
71755883
80574917
87415974
91389812
96561429
98221514
102500920
18582757
1757291
55738390
67120626
75661181
77915353
80634211
9197118
411795
58700318
59472321
63865284
71004978
71727265
77598023
83120111
85146740
93931603
97122953
123659794
126150182
139931880
152894753
153591395
158469499
159073063
161087438
167620836
776234
57298123
63640288
110679055
114570129
124527439
125931391
127107066
133382959
133936890
134941099
32527814
15416948
34809720
43159966
56667591
57439555
61719850
65823161
80319951
82034439
100870056
103460450
52611734
97315202
102478033
110703471
114956077
123112975
124550545
127622129
139647092
147615218
69212858
12017749
21228386
28690866
34339210
3156779
4705661
23683706
7084990
28588728
60423633
62359950
77654171
94694153
10174928
18422389
10476436
11725746
20683147
32733197
31092267
2666363
7819610
46121859
6142954
23163878
9648432
26238569
426589
8427870
10751293
1509668
6259548
12244678
17504277
65478267
68868244
71032711
75080768
76722332
1372795
38709875
47204054
47819234
728182
30526596
14118844
17546382
25530844
30081085
35442587
28911367
29776395
28756864
55787642
16734254
24885733
39489264
48814534
49822423
9035926
5788820
4256468
52698104
61636200
70192947
41854234
44037479
47493290
609706
24198659
9930421
27996312
44646994
58852384
67677109
7805301
13552045
3936743
14714667
49499157
1434550
22708420
411760
14222234
29289967
9750259
13694912
8291963
47487007
5536769
10617765
12533742
15277678
23267508
23298051
36138312
50582475
71456983
74107304
77281921
449575
6188490
6920873
39641540
13230931
20078666
15192190
35152287
46586216
53983033
55723180
72357588
78848420
738932
12969130
22665953
22364156
57308349
64472038
68705200
69214566
4898007
16407756
16957981
48394446
54820288
397554
38753593
10298298
15815027
26726516
37016598
41293875
43336913
51479076
59730730
66716133
21830206
28983914
50308435
68762791
71765976
92710683
103914644
106303771
107694644
11367723
15882007
15573474
16544507
58610120
69448187
16864620
23667761
26068416
36379816
41348591
60828190
13735220
10044513
10937606
52139570
19463836
24199769
39606501
19917819
20942810
32979724
46785079
1465199
21908060
24051980
17206437
32570734
14593035
15281648
30129917
7683230
7956010
8592997
18102532
18761450
38737568
46728503
24861506
8655784
43387605
44449648
1080136
20720777
42420345
48011938
56103876
77538732
78029365
9563240
10217159
1002461
1002461
18707203
23487196
35694650
36342680
36739787
63420588
76057774
78271135
30869472
73527462
86858592
99801685
100769144
101163922
104361649
24436343
30907335
25599103
7291628
2678827
3119913
16956237
22589801
24677173
41846039
60541913
12752119
16806725
6956717
36343007
8034404
12346053
23945516
27228630
37026405
46942782
3399159
11139994
23409405
28273952
90486745
91246944
91697565
93101247
99396329
100861668
122501476
125534345
129556017
132990396
40856579
72135529
84202705
93045280
119956011
120639310
122321513
123476621
1649603
428351
235086
13145925
26306786
21196850
6277636
25426415
30951498
34824466
19627948
23728773
31125246
36419177
933651
22980346
12465954
17161052
20880380
8859792
10719748
14355509
37335915
11649063
61397601
14592439
18857544
40607143
50152581
53423163
60417528
65489196
23491825
20121513
11304855
37555981
13519002
15205271
31141827
31662256
36707212
38914826
50125067
61041031
66567001
24114232
37762016
39141155
52403694
59021403
64114350
71688450
75763258
80871593
82198965
89124012
123555655
5190448
16716473
17840944
20298250
29936040
45381746
69455911
74775227
85568432
91289802
93563747
108925241
124021225
127381535
2703121
12954142
63774721
14862654
45319970
55556608
64562578
65842604
68455685
70451183
77240973
9582627
15502455
24939652
86361099
87097254
112957521
141753779
141959289
142766400
148008856
150334287
152796263
154199760
20015488
27109615
27445785
38652663
47882130
64233310
93566696
97357468
101372229
108110213
108486368
108821028
35439739
36422615
13084853
15534817
48857404
13278728
2100227
6777008
17721346
24422362
52515532
64215626
72641763
89872290
92665656
105507240
105507240
105507240
25211670
8872820
21112004
26708528
27169799
54571580
57752989
61095574
4406153
5239487
400664
12788995
927194
10761966
20924663
42912482
60944534
74067571
75976510
76569156
47788056
67972260
80712029
92188639
111971866
929688
3821369
12486217
9988688
44462411
83833017
89707977
91221745
1407695
12985470
10937045
11326778
18084741
35382746
39299970
14497546
1025996
12332278
21935816
4801129
23667270
38986754
2477126
7089063
21627371
8344708
11293014
16730458
19776027
27385673
47751392
8194025
16549246
20416861
4929512
13595780
14326257
386656
1263768
14768589
51349672
51806635
17841118
12401307
13605192
28598037
36059308
47838248
68069099
73152973
5435425
11425534
18531621
29669563
367625
326684
17854190
39402559
51533261
52833773
6063038
16245810
18893382
27154341
17070833
17054008
39260851
3868036
13359943
10947974
31323433
33461157
40581286
13022493
8869551
34559569
38498349
282873
17563401
27934570
38667422
39143572
15688836
21559126
15296799
10634717
17533622
26670972
27159545
5758270
37222688
44761412
48831241
15102037
15568049
41546066
879754
11407098
17345265
58925424
378770
6639858
16563997
18709761
30444281
31268011
50093751
59625149
71611270
26382390
30703606
48767872
44608596
45365572
57221903
67472859
70832336
3068342
11746144
29098512
45771983
809129
17198869
47726251
71954014
89321956
92106962
94911405
30398705
30873105
10876045
24199619
29499397
16709131
23678071
46614826
62776904
77121146
94207855
97315295
97611718
2550146
1288746
37852825
2531360
61897764
8442003
26758558
39770394
41162834
45645864
49638337
57144362
61225871
73595043
17245866
50965733
51844906
59267894
59555097
61259827
61259827
67551202
14487100
83573524
88594364
5559688
11460714
22451113
38313470
39608457
44981448
52916209
25590269
10330309
13615129
40111036
50359199
56383279
58020993
20340704
10147617
296473
14934141
27346310
59949008
64610073
14968041
17104455
32218850
28224956
1476178
26519298
9444607
1890165
7987144
22904159
34249800
44530777
359113
5786857
40698212
48430317
52728528
57877226
60580362
77606726
82635377
88705319
91841906
92319176
149899730
154085336
162149640
162943001
167446555
169734837
175855358
176732482
178120693
179166761
83413001
114011406
127571325
142761560
152681587
155264674
19296156
19734154
28603104
368151
6541960
27225589
41490894
751040
9870459
28677998
43410198
45542706
54285141
7517149
22846660
25786491
25270119
9280797
29035727
49617851
4429674
5177072
9863946
25584702
25849531
36985941
8120631
23230576
9150128
5640447
10614066
19622039
40135987
43644118
46503561
8302332
32833735
5413381
1031529
19580143
23948474
12177900
35807442
40076120
40403967
40724775
54153127
87722941
88140190
96299069
98776490
112309632
132390426
1614773
9922072
30872068
31582289
24930262
31575557
9659617
65476382
5578032
10339674
16485077
24188473
21142817
27655079
48653795
58130590
75751003
76357768
76660712
78397770
80449516
90176424
16643915
4685961
37671947
77062332
112790698
119952533
122298485
122552530
8710965
24416054
31214959
31786536
22761291
250430
25129022
40653746
43068311
20613165
36582723
37127185
45900968
46772898
47451693
13297390
46244223
9477556
17549192
33213024
22871332
926894
17733142
38313640
19788076
25290808
31171551
14578011
19801293
50220785
12830913
20224911
44542853
60344486
60854665
20899056
27347549
10897280
16539313
20866002
8999780
14000900
11928364
7729463
262340
17727230
15485367
21628659
47190419
55001249
62533232
18874230
178485
25355632
41722023
49008999
50008959
16316597
17073311
8061287
10126753
11481816
2947743
21427697
17858335
36409768
43494633
46213506
51523343
9191848
21827534
33830343
458412
1184564
42264980
42646846
53994190
25451878
52369781
52878813
53168817
1071931
828096
10316296
28089109
18206627
6378610
26758296
38157628
60214748
25369768
34383968
35289797
36078033
38132808
11937000
25051106
17784952
19156885
11809686
33812281
14854384
302736
14816354
22730270
36785957
4002296
8574744
44275444
55752780
56056898
59969174
2204795
32337450
37665806
48419472
50849654
54988560
26500842
32459799
68875215
82160707
94275280
98002241
98925346
99695515
102380634
313120
12255217
40669216
45261592
4717814
11731840
15333288
31001163
33002758
33276974
49224993
6399598
73459513
73459513
10695354
22118249
27719483
9171840
16107579
27187156
34770318
12608262
34701567
7085710
1166216
31360096
38683545
56690044
64902049
69617641
6714845
33650356
37898735
317690
49840621
53529306
67356897
75795107
18852624
28220782
9177457
29363786
59653375
11140446
11512658
15355296
14623298
17262603
24253970
25243758
30655526
33798337
10319516
13307433
48617555
53951415
12868963
17517067
25010788
34529227
46532474
54976609
56868497
26464685
29861147
20228268
12991717
21128760
33989765
60744075
71404895
85156085
87138567
93074455
1219103
9063928
17378421
346387
26694533
54832821
15129801
20445265
23284572
25008152
30101486
31839816
37535274
20887005
3102233
15971553
41220467
65710046
80196958
5622378
567457
22191754
22666782
25117685
42532045
838073
10010945
18250066
12102986
29547762
274026
20818826
24312027
33480610
826072
42895817
55181369
55181369
63088382
67798749
70500110
85734537
88264251
6303546
20999001
38720217
70275208
19138907
21297413
25748698
31860765
34766547
36654333
49936702
26008692
14249563
16801353
37943106
40098541
10326742
12216911
23295719
542847
10129425
8328268
24863391
224336
6534982
8511589
10859118
18841589
67140454
70754337
76795970
37079325
45732272
9959250
11737355
34652435
48332117
52671324
8614761
832289
5907349
7023277
41535199
58145604
8554405
9878498
20536623
6676899
7450646
16061618
29838774
50351241
7288321
28243148
18175516
19303089
10347320
11465324
29216577
26451677
33060793
6620056
10520683
43015499
34496284
35652395
18859388
23519712
771528
11054716
30209522
32605240
41666977
26459773
30541223
41947561
59981575
61582868
8921598
9467612
14313056
6227579
24040775
213784
38621486
46070238
55250676
63207252
90025965
6603803
9037013
9550659
23470166
40861089
70632180
88938765
106778452
108199851
111720654
1001791
3841656
508556
12062300
22228275
23075105
21597872
29222946
48526261
50271955
43490975
8811346
18472040
25447147
55299409
56899846
58839137
23301232
45035437
48350281
75794990
90570934
109351863
114961997
118148470
132719227
134169607
143534702
144184737
145957606
18263200
22468448
38845952
57042583
57897504
60349167
78307690
82058342
88294589
99420548
8042317
10344975
247714
58527433
66734569
82422611
93847701
94670643
103540535
107036700
122917935
128255117
131330323
73593529
75714628
83458172
106834889
114692376
119977375
125167090
133022581
138344628
138826046
68893871
96967854
123429844
141763658
143036396
148701655
151049761
151296500
220073
14085447
27770177
29502452
8491527
21164941
38710632
40048909
10169178
36694809
40744604
44868246
75333566
80857516
96029530
104944614
127531510
128048802
19921621
22620280
9685443
63231195
66905300
77228062
78493353
79675370
85137455
209809
40972694
43090479
33054809
80461517
88141488
97189776
530601
1071234
14486775
19341131
28137330
918101
17159702
28313086
7010335
35464000
52622483
65947355
11946598
25045010
39926106
46084488
15936856
23367391
28159434
39482006
56047093
5009929
14342986
516492
7879666
1650100
38519865
37704150
67296586
69009811
5315398
7638740
13870976
30873263
36531388
14836537
1087922
10827568
49143558
5310809
17948263
22243013
22635444
35001834
37519990
22580854
31848647
6560866
16587463
23791691
17699179
24147622
49698277
57220300
13431821
18871437
25278738
36360905
19287454
20338974
22204314
14153367
17921071
34271350
53162870
64089641
73137634
99102830
110736693
120147849
123546841
128629941
134077651
13370739
22171281
6434854
19444307
28466773
28857751
79090213
82869899
85382878
91599490
91858583
629254
230466
29795187
9033196
31288110
32896522
222748
27327416
9496575
31276229
15299578
21146461
22469896
24186039
27098201
32720152
58015139
62753099
64672820
26017624
21824758
45613492
55440689
93392291
93792779
11524549
17598267
23705436
10614426
34609126
34913070
533849
44761377
45966857
57411241
64573711
95596027
99417992
99674159
103770934
109384112
121057043
17592055
38535558
85875044
15914928
7326515
10807672
14082663
27559780
46249026
11290674
18155678
14178118
7882367
35771439
8436659
8853076
32958645
11978610
14923850
29125449
9243353
9892724
17721813
20280647
22587362
27745902
36718880
41855445
51946474
62931777
19794267
35497329
49824133
56036230
63566379
68948336
72333050
22177308
74560838
79545982
84445639
90860364
95925518
106414310
112217948
113367276
116515909
121049207
60996943
68031667
79873423
81830676
88090635
96441457
99899947
74758639
90282394
96734435
120206504
125256879
127496390
11548538
16538113
857277
17622762
1145758
9396477
9762799
38462265
52405049
405920
5433466
15640358
21371629
12255629
55187100
58304543
74593837
92365196
102413726
122966347
124006794
129357550
129570766
868016
20749252
5077112
65985365
1975050
23840169
27638705
28362720
62145786
62697680
64851577
67061909
74060894
587306
6082977
60658865
73336269
84328732
10966346
28972351
32743405
33072968
34206038
43330611
15819402
30053400
51222238
8974064
19522265
32580260
46914363
48859055
49688069
61686700
63757500
8445711
18523907
24739033
25058706
40449522
10966630
11737946
8858318
23969206
22287039
646718
25100708
47499991
59333838
72975147
74764486
77640069
8381201
10259425
10625236
15220317
31474900
53463132
10521431
15528874
34677388
8208044
22836278
730208
13292490
8611107
49908279
10371454
19125996
1570222
22947108
25578535
10430986
24449388
24368787
57224310
57476633
10601738
15001159
20225616
23918780
43498471
8663549
8976739
20185138
46175333
80690939
85342720
85620735
6837435
21432848
4896581
9757737
6965967
26290792
21189400
49971623
51681306
58722339
70629942
2480879
29285970
32050847
40595076
9994575
325224
7926089
31104921
42606479
42888545
44802831
65702735
70912982
79712732
88496659
16639148
13242631
12668091
44234340
54369099
59768349
67175441
69086880
73769838
74615869
7642179
17238101
23166105
10447311
9918425
23489730
12758584
13393832
26052187
26213530
205247
82941638
84029193
88774039
105777145
116226109
117672480
137249767
143544869
147313997
148980896
29028457
64204070
87788462
92414799
93844106
98072815
99528562
100598419
93634830
95247218
103019960
114073939
114879503
13625841
16790558
24811888
34923399
10866872
30354404
5321392
19919717
8961635
15844700
38079470
48062839
51292118
12822278
7917492
13762702
21609998
34087532
40460793
7748592
26777045
36146762
56564688
63377425
2149641
1561289
25968732
37242215
47441620
84890628
13226057
19683460
28961732
31172543
10083379
12708559
16493720
27676448
36323408
45548455
10157146
47624104
48007346
48314132
51439311
51627511
51840772
62606577
74203468
79563155
80002240
48865153
8907275
5117540
12608306
59979024
73131577
76890978
84542604
87094027
23332169
26929789
21532292
9826787
15081631
38135046
7210685
12880985
297008
31620100
33883711
44078363
52945183
4806193
53410585
58327579
65302708
69139739
77581275
85636243
92483502
1895282
2161491
27526953
50476167
70337110
75193716
87307195
94522534
215139
11299263
6329712
17785475
54653495
94540668
7994657
15950258
1174278
9530461
11035540
11290097
24995087
241601
216481
8295968
40591269
55481778
75483705
82263548
83933383
84182078
87050218
87550831
16932264
29460676
21430137
10691542
36765283
74072008
80067342
83940191
94673169
96261785
98290769
107048883
108205428
114084617
22319528
81906301
82927227
89352171
106605019
113122939
114092863
118084378
122108346
131628895
132337415
95712503
22553636
24425974
35401699
38739808
43151386
45800082
47438807
70303558
78424018
17304765
34169463
847293
8019595
27226974
27558227
5377434
41556579
46992683
3598850
4484610
33529453
22853781
50081034
61947251
70935507
79087907
83425173
98421791
101483677
7586650
22504134
982831
15158832
20387172
39813867
13625368
5614038
12694022
18159982
40101235
48305019
52104788
8696469
8940176
20056648
7381217
14113971
19962109
30355462
12755346
25865274
31755780
35110137
41726176
55297132
61200090
66004137
67599283
7842811
9924293
31106049
68748980
85162927
94828299
101330362
101766382
108130250
112916476
113193947
8222473
17138037
9034577
18424067
29584803
40313917
54819922
69191527
81317879
95938469
97368041
778302
7220482
26727485
59411078
68259451
81044238
88946618
90035067
99864511
103326770
113263356
115476217
105740485
106167589
106483061
139869569
141764789
144072808
149448562
163721669
168715737
171916547
18919921
22998088
61132662
69330756
71967654
75587579
36057818
73650004
78251531
95718271
99272853
109524568
113875443
115623623
6380057
18629841
14135195
16388701
902345
12438422
32797951
46880541
56676831
60514535
44659274
51456511
75596391
88952154
109390893
125555419
7237526
7944129
14825946
7334698
10230078
28360047
14300510
10141263
37232339
2977897
8739326
36826217
222169
6974289
13300317
29561201
63450307
80427806
86197163
88642069
18802580
21463388
24236452
29530734
907186
31847677
19533292
8500368
12828652
17804288
21415311
31385119
5150171
8618126
24290673
28801965
624244
11847015
1132092
1026095
13303897
50647598
60577403
73297011
75772518
77968847
200272
1766259
18132092
24335412
21530999
19606704
100501606
112414180
112758597
113871376
114498302
119495016
123365997
124957753
30193217
51619188
62335038
64814793
74670263
7540860
12606601
69692199
81825380
92959897
2569082
10921330
17389160
24033628
38698188
15351182
10008433
63782391
67411564
70230288
28675945
37778746
56538598
74329778
11416736
14391352
22739106
24943461
11498576
24892107
35040739
35407167
38980176
39935809
45397543
71957710
73806247
76614223
13666265
6463855
57113904
59196352
66860753
84607381
86486470
92303544
99267942
103089629
110237783
67122020
89573296
117131669
120646389
128330439
129090332
131380744
133749318
140290489
16139127
172598
98688874
99092080
106660670
116740195
117061347
120521848
124052087
128828802
133228625
142934917
118011069
127339727
139121271
141768317
4113479
15398276
21591673
29961037
34350241
49088216
18667136
31730187
44074005
51656407
52302426
53875604
71867168
73684438
17467201
63986686
76578749
87311005
6573224
11871329
14810649
244421
746108
525344
478639
14156432
30088095
18501707
33302322
1989744
18483887
22906968
33089076
34303221
40366337
40678053
55398198
56491797
57823283
70837003
75008305
111520443
116143561
125363693
13958987
20831376
36614430
38448751
39742714
42953897
54437039
50950663
87564141
96199149
113530306
132822628
3437223
16394439
17539082
17933672
20615950
35296194
19835174
20135802
37884467
41227417
92975426
107916214
108360592
112456035
436978
6791560
9989425
32235530
37970704
46508756
66483437
76639495
82342360
84011811
108128338
118270865
121469057
129389141
135220771
135626294
54794733
64556046
65371691
238930
16189538
23419802
708154
955767
7294867
36539327
46923997
8267693
34213625
8081047
30733977
14518344
16500961
23638989
569710
1956192
11046057
12794908
39816969
47385691
24611506
61189047
71931946
94455623
103127127
104974395
802337
4725165
12897294
18097588
13099305
9291756
30797477
34031531
9488779
31669657
33401596
848539
10056123
15684827
30373677
53118942
57184814
78390054
98715617
104550642
107233012
16449056
19627132
13424729
153632
23019070
5477637
8216916
32412292
4326197
2661246
40860636
45528567
20939443
34724152
13160699
43286622
56888040
68745460
69929853
10775165
1047609
6481782
21737121
25003459
47253562
63743730
13487869
17825467
19551888
47123296
52940044
4546664
9528137
22323700
34182470
18105334
29109422
38798797
52926953
73044153
8813285
13518564
253628
1613341
48492809
71965326
108503012
112792393
117503073
122766592
128403433
129446596
757002
38536630
39271109
44430255
71589744
13221353
17922366
26056066
35482156
42407525
15921160
16732127
22552281
19555633
44606540
55774657
58063593
61224848
65151465
76571791
26039629
8070569
17770528
37742293
45221757
46652707
10776549
18821993
9808183
5087288
35710353
59933286
63987171
66082509
79108334
2469486
10766662
22868577
12647668
14253604
45194128
27072952
2861783
13526610
15729913
23625913
24867309
32145367
55425715
58247679
20651437
51521053
965602
24087414
40346276
48245224
15348337
3880157
5855387
21867523
13782814
14592775
18530591
24421556
223049
53306183
74290902
78785299
80260819
84034131
233041
28683035
256952
10653472
26235030
23084379
16930307
2642441
19926960
23806510
19760317
19973583
23770214
5260156
10895224
8760809
23550085
19829438
29416848
37263222
40998565
36141884
58524165
58864965
59071421
22168657
48615801
60414293
29617907
9376966
8082527
8965524
52404591
53027967
77121680
78890746
5352777
6865027
16509049
41495501
44036692
13195215
24756207
36284606
196830
20263330
25457478
41206674
15506586
31788207
33021871
54526600
10986245
14949297
21272340
31182679
32808484
40443832
46130679
17610491
1591757
22561649
49425481
9142757
12723057
29578896
42471316
43893786
46665668
50693960
64110808
64899607
48584154
118923292
936491
11263140
1044441
1288193
9174179
15075847
15647677
33750334
46640255
75090125
76397430
102955631
124328053
141694738
142525062
143612066
150283116
152243835
24540519
17935912
52050193
58108041
98628756
101924972
103164225
106529747
110378187
117839067
124323046
32687348
38371251
26752625
35422749
13182663
19541174
31073762
34647472
44681115
52967990
66041657
78039688
80897415
23112515
163033
8076788
37645654
828614
6742955
16706103
27253661
10461795
20045644
21563201
32050930
35401786
39502520
39767037
51847448
30066450
22431753
24618184
28026221
33057774
25497745
8060216
9399571
42017432
42324358
30403453
234295
5932974
12872402
13750293
20371588
57349529
58829828
61535589
16276459
4660826
28467442
11250873
28600128
6466904
40821874
45104925
831074
16416684
25942767
6914423
11839262
33723130
27797452
20804155
28241738
29457005
268011
10675806
18736467
7885059
12155816
9517897
43145182
46318129
49374591
13078568
25509167
7247807
16960773
28309449
27799015
2868685
6012826
27189507
7875114
19685186
31593435
10072498
13710107
33083718
43515330
15072144
30465485
1511890
2196392
35523174
46952759
13193339
5634965
25531470
26153719
18115546
18405693
38490763
26660558
21677743
31778920
34160540
20623349
22784281
25501625
31090004
32720901
12571245
32037961
13130662
25176467
30178841
19632736
31282528
19307404
20757416
25400766
17222486
18278517
40892975
41282434
7142801
15972665
17039508
43176103
45224854
18170386
63389655
8252003
9031858
13128766
24461849
36355887
38000716
60258077
60466957
691141
17905123
39178856
52498423
56574398
62238342
63984767
105141739
113384437
119452350
120223859
123214111
253196
6102003
17243386
30162598
35936766
43344939
55409263
59580711
60667858
62327550
48855718
53996155
74756347
84872811
103217630
127116456
127740549
128207444
7902587
8105058
12037041
12026561
12976592
23818809
4720552
9811906
30000463
39202122
39628839
263279
12848856
20411807
8056409
5496840
20783903
17971560
19093844
5127355
34525774
8945750
15533589
23361755
8573652
21796109
23530940
10865881
18757480
28363072
28658832
28902022
41123617
41877395
51452211
58918437
64066816
40828668
98597238
103486690
111215577
114664761
116109783
118720465
121458362
16804623
81546166
92819147
43852584
48837203
61484905
63386318
74102960
75310885
14641549
40086054
41293709
52728905
